0.0,0.9876037520665867
0.005050505050505051,0.9887227528837393
0.010101010101010102,0.9897372376959452
0.015151515151515152,0.98813825775192
0.020202020202020204,0.9776592808714087
0.025252525252525256,0.9758900928403772
0.030303030303030304,0.982882218989132
0.03535353535353536,0.9927947339717309
0.04040404040404041,1.0006360261618608
0.045454545454545456,1.0037075342414243
0.05050505050505051,1.0067899800464841
0.05555555555555556,1.0039586575930306
0.06060606060606061,0.9990961007896086
0.06565656565656566,0.9956636032169701
0.07070707070707072,0.9960762487927318
0.07575757575757576,0.9939873234629303
0.08080808080808081,0.992684113660534
0.08585858585858587,0.9949254293237257
0.09090909090909091,0.990369466127667
0.09595959595959597,0.9898638375963635
0.10101010101010102,0.9897073076556523
0.10606060606060606,0.9882814904540104
0.11111111111111112,0.9897430260552483
0.11616161616161617,0.9882165593006423
0.12121212121212122,0.9850340321476208
0.12626262626262627,0.9851508059530784
0.13131313131313133,0.9899682272659057
0.13636363636363638,0.9911425139827269
0.14141414141414144,0.9938254897158757
0.14646464646464646,0.9989173750456041
0.15151515151515152,0.9988566268714445
0.15656565656565657,0.9980869307700607
0.16161616161616163,0.996770465558646
0.16666666666666669,0.9923477309965494
0.17171717171717174,0.9901488628741639
0.1767676767676768,0.9949260297424126
0.18181818181818182,0.9928952509383857
0.18686868686868688,0.9947843235224407
0.19191919191919193,0.9884370369042228
0.196969696969697,0.9864426174142111
0.20202020202020204,0.9842180008666779
0.2070707070707071,0.9835957937084725
0.21212121212121213,0.9849706272437773
0.21717171717171718,0.9910081454438202
0.22222222222222224,0.9924959780235887
0.2272727272727273,0.9994212263505314
0.23232323232323235,1.0039344194612514
0.2373737373737374,0.9990370469071705
0.24242424242424243,1.0002758112850676
0.2474747474747475,0.9955790210877286
0.25252525252525254,0.9928859260066083
0.2575757575757576,0.9928537069024823
0.26262626262626265,0.9941589787659718
0.2676767676767677,0.991519463309218
0.27272727272727276,0.9890651764474372
0.2777777777777778,0.9879245512370871
0.2828282828282829,0.9881706001440237
0.2878787878787879,0.9862000626652788
0.29292929292929293,0.9871643567881693
0.297979797979798,0.9890771572167664
0.30303030303030304,0.9899904263501743
0.3080808080808081,0.9912575877989535
0.31313131313131315,0.9932791661255158
0.31818181818181823,0.9893850307180718
0.32323232323232326,0.9886250813999208
0.3282828282828283,0.9882182165787069
0.33333333333333337,0.9922235798009439
0.3383838383838384,0.9930711189814151
0.3434343434343435,0.9921753662281684
0.3484848484848485,0.9921269603619287
0.3535353535353536,0.9926669716158587
0.3585858585858586,0.9915739316304155
0.36363636363636365,0.9884621821137114
0.36868686868686873,0.9899542429021656
0.37373737373737376,0.991083845278491
0.37878787878787884,0.9918732992786932
0.38383838383838387,0.9900209653744713
0.3888888888888889,0.9859199762592297
0.393939393939394,0.9841656968442865
0.398989898989899,0.9833277579856068
0.4040404040404041,0.9816999392268495
0.4090909090909091,0.9874619785353763
0.4141414141414142,0.9850773328551419
0.4191919191919192,0.9859454704135518
0.42424242424242425,0.9830999097370521
0.42929292929292934,0.9845251888204791
0.43434343434343436,0.9858837213814823
0.43939393939393945,0.9881098275566335
0.4444444444444445,0.9908804482867749
0.44949494949494956,0.9921538834666728
0.4545454545454546,0.9923213549395176
0.4595959595959596,0.9971452550345912
0.4646464646464647,0.9965979007859689
0.4696969696969697,0.9923280580866389
0.4747474747474748,0.9903303438721849
0.47979797979797983,0.9916800932684895
0.48484848484848486,0.9916869279737431
0.48989898989898994,0.9927239136421566
0.494949494949495,0.9934257657208211
0.5,0.9946214806779512
0.5050505050505051,0.9934606435370251
0.5101010101010102,0.9939159670133084
0.5151515151515152,0.9998644097216383
0.5202020202020202,1.000082360390883
0.5252525252525253,1.0014735839376894
0.5303030303030304,1.0018553457540664
0.5353535353535354,0.9988024458845703
0.5404040404040404,0.9941829822899806
0.5454545454545455,0.9942502180075194
0.5505050505050505,0.9961043733876486
0.5555555555555556,0.9971887298410468
0.5606060606060607,0.9990181684514051
0.5656565656565657,0.9982579466841224
0.5707070707070707,1.0022971818422917
0.5757575757575758,1.002264517113621
0.5808080808080809,1.002443342507695
0.5858585858585859,1.0017531616770672
0.5909090909090909,0.999802967571611
0.595959595959596,1.0015678754018622
0.6010101010101011,1.004189835352858
0.6060606060606061,1.0047400407846798
0.6111111111111112,1.0068213619932784
0.6161616161616162,1.0026668825038552
0.6212121212121212,1.004613197164461
0.6262626262626263,1.001998457890031
0.6313131313131314,1.0020598778241747
0.6363636363636365,0.9987685924447164
0.6414141414141414,0.9970106452696481
0.6464646464646465,0.9970421867002419
0.6515151515151516,0.9949724827456284
0.6565656565656566,0.99073919575739
0.6616161616161617,0.9891749458806567
0.6666666666666667,0.9858647714174597
0.6717171717171718,0.9850703607489162
0.6767676767676768,0.9890530932103695
0.6818181818181819,0.9914948941608323
0.686868686868687,0.9924492370721033
0.6919191919191919,0.9920197039141914
0.696969696969697,0.9915070028159155
0.7020202020202021,0.9904346449463488
0.7070707070707072,0.9891118798791165
0.7121212121212122,0.9906788797678084
0.7171717171717172,0.9955171717002173
0.7222222222222223,0.9935828769081119
0.7272727272727273,0.9970097731386589
0.7323232323232324,0.9956772391131575
0.7373737373737375,0.9937404349979928
0.7424242424242425,0.991473798864095
0.7474747474747475,0.9908375079022795
0.7525252525252526,0.9875115901562878
0.7575757575757577,0.979717296847412
0.7626262626262627,0.9762241197045891
0.7676767676767677,0.9717031396213558
0.7727272727272728,0.972387873502133
0.7777777777777778,0.9712174572612459
0.7828282828282829,0.9762391020175333
0.787878787878788,0.9775381482607214
0.792929292929293,0.9796960690260016
0.797979797979798,0.9883190177275757
0.8030303030303031,0.9901627411092582
0.8080808080808082,0.9922478527167494
0.8131313131313131,0.9998533018448256
0.8181818181818182,1.0031369162611852
0.8232323232323233,1.0015200671049982
0.8282828282828284,1.0018839436471672
0.8333333333333334,0.9920481595144462
0.8383838383838385,0.975703235010523
0.8434343434343435,0.9727187658917659
0.8484848484848485,0.9681949054963055
0.8535353535353536,0.967973296442624
0.8585858585858587,0.9763306985058905
0.8636363636363638,0.9812596953075164
0.8686868686868687,0.9834395003079752
0.8737373737373738,0.984225107773115
0.8787878787878789,0.9778003181902735
0.8838383838383839,0.9796193426188562
0.888888888888889,0.9867245120766992
0.893939393939394,0.9870961722694501
0.8989898989898991,0.9973825616963633
0.9040404040404041,0.9983897327146348
0.9090909090909092,0.9914101313427254
0.9141414141414143,0.9855599413516156
0.9191919191919192,0.9781697989178566
0.9242424242424243,0.9742086030214473
0.9292929292929294,0.9716214232101925
0.9343434343434345,0.9694772085366422
0.9393939393939394,0.9604647663209724
0.9444444444444445,0.9532610714767492
0.9494949494949496,0.9685317372523214
0.9545454545454546,0.978761862884941
0.9595959595959597,1.0030252483890922
0.9646464646464648,1.0095206189513912
0.9696969696969697,1.0098382921344387
0.9747474747474748,0.9956968127140912
0.9797979797979799,0.9293210478822698
0.984848484848485,0.90092274537332
0.98989898989899,0.864579035104368
0.994949494949495,0.840461202507885
1.0,0.826145700169165
1.0050251256281406,0.8276163438985481
1.0100502512562815,0.831680219698052
1.015075376884422,0.844374164730897
1.020100502512563,0.8697956770926146
1.0251256281407035,0.8845928821169657
1.0301507537688441,0.9170958229372762
1.035175879396985,0.9456121463237451
1.0402010050251256,0.9980839719507573
1.0452261306532664,1.0503140501897517
1.050251256281407,1.1022188483168847
1.0552763819095476,1.1575101581161178
1.0603015075376885,1.2646170993901673
1.065326633165829,1.2951846645096599
1.07035175879397,1.3153207329248635
1.0753768844221105,1.3005241039434834
1.0804020100502512,1.23389075445357
1.085427135678392,1.2011545625892615
1.0904522613065326,1.187394177538782
1.0954773869346734,1.1711990624338804
1.100502512562814,1.1350653009888902
1.1055276381909547,1.123906726886177
1.1105527638190955,1.1059704057342585
1.1155778894472361,1.0926992616584859
1.120603015075377,1.1104372266945124
1.1256281407035176,1.1216550307438555
1.1306532663316582,1.118208894343539
1.135678391959799,1.1018389227260037
1.1407035175879396,1.0784815812442046
1.1457286432160805,1.0601151256906014
1.150753768844221,1.0598170355047138
1.1557788944723617,1.057689655504865
1.1608040201005025,1.0802717848884142
1.1658291457286432,1.0912558698210975
1.170854271356784,1.104719678107528
1.1758793969849246,1.0984647560213299
1.1809045226130652,1.085135923944093
1.185929648241206,1.0902413180360577
1.1909547738693467,1.118346383067876
1.1959798994974875,1.1500526463553746
1.2010050251256281,1.2187739959734125
1.2060301507537687,1.2681547038232361
1.2110552763819096,1.3112942055839336
1.2160804020100502,1.3712803962694866
1.221105527638191,1.4901556260531985
1.2261306532663316,1.5386493579623655
1.2311557788944723,1.570506907105155
1.236180904522613,1.5770195675482281
1.2412060301507537,1.5826149292967635
1.2462311557788945,1.5331144715434657
1.2512562814070352,1.4813200953649417
1.2562814070351758,1.4570168348485202
1.2613065326633166,1.4124743601658758
1.2663316582914572,1.3773271284923563
1.271356783919598,1.3895226471061923
1.2763819095477387,1.447532347312833
1.2814070351758793,1.436061260512935
1.2864321608040201,1.4130465591908146
1.2914572864321607,1.3754428646999484
1.2964824120603016,1.400053311058547
1.3015075376884422,1.481325130606377
1.3065326633165828,1.5201423542093024
1.3115577889447236,1.5505364383028861
1.3165829145728642,1.5630688246312126
1.321608040201005,1.5796850681227572
1.3266331658291457,1.5810604746235988
1.3316582914572863,1.571286002518001
1.3366834170854272,1.550512182056626
1.3417085427135678,1.4880030879087585
1.3467336683417086,1.4610057286516709
1.3517587939698492,1.4341829142961509
1.3567839195979898,1.4046167273096246
1.3618090452261307,1.3414368154773448
1.3668341708542713,1.3304736718240615
1.3718592964824121,1.3179182310651902
1.3768844221105527,1.3077360890141405
1.3819095477386933,1.2792354623887658
1.3869346733668342,1.2625485061933264
1.391959798994975,1.2513358112297435
1.3969849246231156,1.2542769538845877
1.4020100502512562,1.2279465719492848
1.4070351758793969,1.2432460693257792
1.4120603015075377,1.2699437863389857
1.4170854271356785,1.3052625229554398
1.4221105527638191,1.3166357107753837
1.4271356783919598,1.2890527545690285
1.4321608040201004,1.250009817345448
1.4371859296482412,1.2135167945978333
1.442211055276382,1.215590027011163
1.4472361809045227,1.2294900232027097
1.4522613065326633,1.2394394471707766
1.457286432160804,1.251149714898261
1.4623115577889447,1.2573537291824446
1.4673366834170856,1.249227157027896
1.4723618090452262,1.248411514262024
1.4773869346733668,1.2476843796096833
1.4824120603015074,1.252211928040138
1.4874371859296482,1.2542655354325893
1.492462311557789,1.2584707084572926
1.4974874371859297,1.2611989091772955
1.5025125628140703,1.258951014494607
1.507537688442211,1.2557853146318443
1.5125628140703518,1.251578262669179
1.5175879396984926,1.2455644056478976
1.5226130653266332,1.219144276408662
1.5276381909547738,1.2091250251917707
1.5326633165829144,1.1997639255078476
1.5376884422110553,1.1921224337076288
1.542713567839196,1.1452889089456861
1.5477386934673367,1.1266646216239329
1.5527638190954773,1.1111809405411883
1.557788944723618,1.0967090615336412
1.5628140703517588,1.0771810248003815
1.5678391959798996,1.0687775613054384
1.5728643216080402,1.0613697965977738
1.5778894472361809,1.0543399807581044
1.5829145728643215,1.018971483347792
1.5879396984924623,0.9981235947401504
1.5929648241206031,0.9769582271090202
1.5979899497487438,0.9441740959023394
1.6030150753768844,0.8794657926701868
1.608040201005025,0.8622598400679461
1.6130653266331658,0.8579591974692036
1.6180904522613067,0.8504501803321579
1.6231155778894473,0.8038819754478888
1.6281407035175879,0.7768365927928472
1.6331658291457285,0.7461449359481039
1.6381909547738693,0.7182887658859771
1.6432160804020102,0.7013723566451703
1.6482412060301508,0.692788397680706
1.6532663316582914,0.6856880884556766
1.658291457286432,0.6757409020327244
1.6633165829145728,0.6434381994985999
1.6683417085427137,0.622264353954973
1.6733668341708543,0.6074357461106483
1.678391959798995,0.5887825266505452
1.6834170854271355,0.5500205351820966
1.6884422110552764,0.5270435224239076
1.6934673366834172,0.5003401289023298
1.6984924623115578,0.47502953724058045
1.7035175879396984,0.4288785010641125
1.708542713567839,0.4114251325405389
1.7135678391959799,0.39719305463968024
1.7185929648241207,0.37876996289172665
1.7236180904522613,0.3461527564847635
1.728643216080402,0.32660900987419195
1.7336683417085426,0.3205533985391514
1.7386934673366834,0.31414411572716117
1.7437185929648242,0.31382968544100476
1.7487437185929648,0.31174363862795984
1.7537688442211055,0.3130057528385062
1.7587939698492463,0.3150923588806939
1.763819095477387,0.333933937653842
1.7688442211055277,0.35226597160952117
1.7738693467336684,0.3746043325456875
1.778894472361809,0.3969459982176417
1.7839195979899498,0.4356108523269364
1.7889447236180904,0.4482222065638873
1.7939698492462313,0.465791315550215
1.7989949748743719,0.4653731995560123
1.8040201005025125,0.47012063745064414
1.8090452261306533,0.47567258675795054
1.814070351758794,0.47350474924862157
1.8190954773869348,0.4699146971451308
1.8241206030150754,0.46516693645507523
1.829145728643216,0.46216895922378864
1.8341708542713568,0.4634909041890682
1.8391959798994975,0.46954639490469946
1.8442211055276383,0.48425315138468644
1.849246231155779,0.4922221247180992
1.8542713567839195,0.49963872406069565
1.8592964824120604,0.5096649037455885
1.864321608040201,0.5214006596016157
1.8693467336683418,0.5249775860443948
1.8743718592964824,0.5264368702038261
1.879396984924623,0.530832701394705
1.8844221105527639,0.549418260461918
1.8894472361809045,0.5667815634704432
1.8944723618090453,0.5960670786178347
1.899497487437186,0.6277123911163456
1.9045226130653266,0.6621057780052972
1.9095477386934674,0.6647204426584157
1.914572864321608,0.6659251680369199
1.9195979899497488,0.6670068114749653
1.9246231155778895,0.685472915212556
1.92964824120603,0.7077241081897663
1.934673366834171,0.7374129117536524
1.9396984924623115,0.7730590877837217
1.9447236180904524,0.8484410623926685
1.949748743718593,0.8898107830555887
1.9547738693467336,0.9248435454632314
1.9597989949748744,0.9543117024505149
1.964824120603015,0.9996460958609302
1.9698492462311559,1.0133797549650378
1.9748743718592965,1.016055693851966
1.979899497487437,1.0089447320101332
1.984924623115578,0.980381889405348
1.9899497487437188,0.9680757093172
1.9949748743718594,0.9559819557491658
2.0,0.9450952462688614
2.0050251256281406,0.9286260241227359
2.0100502512562812,0.9194946611280569
2.0150753768844223,0.9137267581071488
2.020100502512563,0.9169633978676576
2.0251256281407035,0.9453230750616426
2.030150753768844,0.9594191343271199
2.0351758793969847,0.9800223403790345
2.040201005025126,1.0081938135869513
2.0452261306532664,1.0458412076242742
2.050251256281407,1.0595594193036084
2.0552763819095476,1.0612617203164356
2.0603015075376883,1.062717210846799
2.0653266331658293,1.0741335133948666
2.07035175879397,1.076252309740611
2.0753768844221105,1.0752052570881525
2.080402010050251,1.0678197144504311
2.0854271356783918,1.0516027421326934
2.090452261306533,1.0478175185641818
2.0954773869346734,1.0492716404463622
2.100502512562814,1.0500518235520568
2.1055276381909547,1.0458893628840482
2.1105527638190953,1.048719870445392
2.1155778894472363,1.0498883514074246
2.120603015075377,1.0559915818087755
2.1256281407035176,1.0678378891863691
2.130653266331658,1.0735734708090545
2.135678391959799,1.0815033111248435
2.14070351758794,1.086018522015624
2.1457286432160805,1.0974653876696978
2.150753768844221,1.1096692784185747
2.1557788944723617,1.1199964619930727
2.1608040201005023,1.1308958971660477
2.1658291457286434,1.1511384792638981
2.170854271356784,1.162085375921666
2.1758793969849246,1.175602787401425
2.180904522613065,1.1910717030023843
2.185929648241206,1.2426397495352384
2.190954773869347,1.2714409043545831
2.1959798994974875,1.3014246328781394
2.201005025125628,1.3321412622169617
2.2060301507537687,1.3801733841912762
2.2110552763819094,1.4042894494134748
2.2160804020100504,1.4291903034379292
2.221105527638191,1.4519321612213845
2.2261306532663316,1.4764988156940728
2.2311557788944723,1.4886819791271741
2.236180904522613,1.496063100496099
2.241206030150754,1.4959897919294103
2.2462311557788945,1.5007131194365564
2.251256281407035,1.499953369816542
2.2562814070351758,1.4976903450076053
2.2613065326633164,1.4941317639743155
2.2663316582914574,1.4834166533853528
2.271356783919598,1.4759216096097383
2.2763819095477387,1.4677408258609557
2.2814070351758793,1.4649367313976396
2.2864321608040203,1.4575287807676391
2.291457286432161,1.4491113762440762
2.2964824120603016,1.4339180162652259
2.301507537688442,1.4184147999372398
2.306532663316583,1.3835888536082532
2.3115577889447234,1.3699822576986171
2.3165829145728645,1.3297641621919278
2.321608040201005,1.3089624979540093
2.3266331658291457,1.262949449343876
2.3316582914572863,1.2390614075291024
2.3366834170854274,1.2142591748527165
2.341708542713568,1.1932191743447638
2.3467336683417086,1.1587750070074
2.351758793969849,1.1392519320611223
2.35678391959799,1.1217901253131088
2.3618090452261304,1.1083384915814303
2.3668341708542715,1.0784594749270833
2.371859296482412,1.068986767274974
2.3768844221105527,1.055975699176359
2.3819095477386933,1.0469757367713923
2.3869346733668344,1.0285974350682585
2.391959798994975,1.0154669423408131
2.3969849246231156,1.0028338267459869
2.4020100502512562,0.9904369619117614
2.407035175879397,0.9673858820708517
2.4120603015075375,0.9587341581220521
2.4170854271356785,0.9498920559442532
2.422110552763819,0.9460849271587619
2.4271356783919598,0.9430556029572169
2.4321608040201004,0.94173063037633
2.4371859296482414,0.9435505698212471
2.442211055276382,0.9440126741511472
2.4472361809045227,0.9493097359260569
2.4522613065326633,0.9548996657382387
2.457286432160804,0.9557438320836812
2.4623115577889445,0.9568106878170832
2.4673366834170856,0.9602497544899452
2.472361809045226,0.9626498810169769
2.477386934673367,0.964162237855746
2.4824120603015074,0.9641138811364558
2.4874371859296485,0.9663649989129367
2.492462311557789,0.9687880025728023
2.4974874371859297,0.9716895213487691
2.5025125628140703,0.9709342781022822
2.507537688442211,0.9773829936754578
2.5125628140703515,0.9846494635066837
2.5175879396984926,0.9871348795934627
2.522613065326633,0.9919409751094065
2.527638190954774,1.0027804094506434
2.5326633165829144,1.0073312036932043
2.5376884422110555,1.0148279047429667
2.542713567839196,1.0206237382199181
2.5477386934673367,1.027604726100946
2.5527638190954773,1.0325622252324553
2.557788944723618,1.0355869018938004
2.5628140703517586,1.041001343519306
2.5678391959798996,1.0447732059260517
2.5728643216080402,1.0470232974155829
2.577889447236181,1.0521276526135028
2.5829145728643215,1.059688411711197
2.5879396984924625,1.0855160623164448
2.592964824120603,1.1064663710343845
2.5979899497487438,1.1316511669423577
2.6030150753768844,1.152765373161859
2.608040201005025,1.1938262917196119
2.6130653266331656,1.218387858634105
2.6180904522613067,1.2396289812363213
2.6231155778894473,1.2579054081185914
2.628140703517588,1.2866083880136177
2.6331658291457285,1.2951486835749786
2.6381909547738696,1.3077128585966418
2.64321608040201,1.3197068951877156
2.648241206030151,1.3493034388906002
2.6532663316582914,1.3609278618861473
2.658291457286432,1.3734572654571382
2.6633165829145726,1.3857432957016245
2.6683417085427137,1.4012907090953683
2.6733668341708543,1.414340103404411
2.678391959798995,1.422437686917427
2.6834170854271355,1.434590199211956
2.6884422110552766,1.4528365491503166
2.693467336683417,1.4643649729715609
2.698492462311558,1.471954381480622
2.7035175879396984,1.4823064695183652
2.708542713567839,1.505257728626231
2.7135678391959797,1.5175542084541824
2.7185929648241207,1.5248456856911783
2.7236180904522613,1.5307049859659436
2.728643216080402,1.5454518436848819
2.7336683417085426,1.5501060171191516
2.7386934673366836,1.5485500160214394
2.7437185929648242,1.5594711236653276
2.748743718592965,1.5690906880005375
2.7537688442211055,1.569035207633978
2.758793969849246,1.572125255229366
2.7638190954773867,1.574549658605279
2.7688442211055277,1.584404362966096
2.7738693467336684,1.587839431090247
2.778894472361809,1.5927425556096628
2.78391959798995,1.595977341911219
2.7889447236180906,1.6016445034953917
2.7939698492462313,1.6022112549314462
2.798994974874372,1.599563761477485
2.8040201005025125,1.595290926604298
2.809045226130653,1.5853182411005053
2.8140703517587937,1.579858932893377
2.819095477386935,1.5712237059139607
2.8241206030150754,1.5677713985482704
2.829145728643216,1.549205100407625
2.834170854271357,1.5358484805989163
2.8391959798994977,1.5186717626880404
2.8442211055276383,1.492791633050976
2.849246231155779,1.446901711831526
2.8542713567839195,1.4280152530326837
2.85929648241206,1.4015122445348096
2.8643216080402008,1.382651993861796
2.869346733668342,1.340237008951775
2.8743718592964824,1.31698513699434
2.879396984924623,1.2933656851741506
2.884422110552764,1.2701717423502226
2.8894472361809047,1.227729266518478
2.8944723618090453,1.206278814909306
2.899497487437186,1.182271981984687
2.9045226130653266,1.1611859829002416
2.909547738693467,1.1317484751339408
2.914572864321608,1.1241781248934708
2.919597989949749,1.1169748554179724
2.9246231155778895,1.1015067726591607
2.92964824120603,1.0613039986069024
2.934673366834171,1.0392211306670973
2.9396984924623117,1.0137218557937873
2.9447236180904524,0.9839464191047194
2.949748743718593,0.9254298821299213
2.9547738693467336,0.8973410139300444
2.959798994974874,0.8703413678999752
2.964824120603015,0.8430038256740001
2.969849246231156,0.8005403651690526
2.9748743718592965,0.778116230739984
2.979899497487437,0.7552831565717588
2.984924623115578,0.7369489984802204
2.9899497487437188,0.7023743873932192
2.9949748743718594,0.6859430408598077
3.0,0.6753582733638495
3.0050251256281406,0.6636306492387162
3.0100502512562812,0.6572731597235658
3.0150753768844223,0.6568918080970412
3.020100502512563,0.6559264459647897
3.0251256281407035,0.658475612495254
3.030150753768844,0.6599527553310162
3.0351758793969847,0.6549979950205954
3.040201005025126,0.6499885804643032
3.0452261306532664,0.6447492844742054
3.050251256281407,0.6374569047065064
3.0552763819095476,0.6385513554178709
3.0603015075376883,0.6394217280543413
3.0653266331658293,0.647982943980781
3.07035175879397,0.669806666742725
3.0753768844221105,0.6858067020042892
3.080402010050251,0.6995240748315957
3.0854271356783918,0.7146162469598631
3.090452261306533,0.7403189709105122
3.0954773869346734,0.7490679362154009
3.100502512562814,0.7602192355978635
3.1055276381909547,0.764466134860793
3.1105527638190953,0.7768588488535096
3.1155778894472363,0.7861751617222462
3.120603015075377,0.7863515007336096
3.1256281407035176,0.7964894013638851
3.130653266331658,0.8173446407103921
3.135678391959799,0.8367342438014593
3.14070351758794,0.8537960651947278
3.1457286432160805,0.8736788799747879
3.150753768844221,0.9077604900220102
3.1557788944723617,0.9200328452794497
3.1608040201005023,0.9304836854142045
3.1658291457286434,0.942124897379323
3.170854271356784,0.9669935713731503
3.1758793969849246,0.981056099079966
3.180904522613065,0.99288270137061
3.185929648241206,1.0022259767557415
3.190954773869347,1.0239062893106965
3.1959798994974875,1.0330228421704915
3.201005025125628,1.040563724930386
3.2060301507537687,1.050328496977493
3.2110552763819094,1.0772828815469038
3.2160804020100504,1.090593030431609
3.221105527638191,1.106239474247778
3.2261306532663316,1.1231935310506378
3.2311557788944723,1.158162810075509
3.236180904522613,1.176057766840983
3.241206030150754,1.1963958905216117
3.2462311557788945,1.2114143383838578
3.251256281407035,1.2447443200806343
3.2562814070351758,1.2641063713097882
3.2613065326633164,1.2835184720174462
3.2663316582914574,1.304571774014753
3.271356783919598,1.350217498623833
3.2763819095477387,1.3721157182027324
3.2814070351758793,1.3937866465557058
3.2864321608040203,1.4144136421694327
3.291457286432161,1.4509287812463436
3.2964824120603016,1.4680574169241474
3.301507537688442,1.4882059083127577
3.306532663316583,1.5001063066079683
3.3115577889447234,1.5268985637182975
3.3165829145728645,1.5371060690355756
3.321608040201005,1.5402554820486762
3.3266331658291457,1.5495922234730013
3.3316582914572863,1.569923745138279
3.3366834170854274,1.581541934860407
3.341708542713568,1.5937130936429555
3.3467336683417086,1.6122023080475973
3.351758793969849,1.6399963253044199
3.35678391959799,1.6525784256624556
3.3618090452261304,1.661629592258756
3.3668341708542715,1.6690223387603296
3.371859296482412,1.676990449190752
3.3768844221105527,1.6781999482406738
3.3819095477386933,1.6801771193311734
3.3869346733668344,1.678013626627031
3.391959798994975,1.6627733253733052
3.3969849246231156,1.65715378243119
3.4020100502512562,1.6393886129585016
3.407035175879397,1.6314128822505356
3.4120603015075375,1.6119559785459403
3.4170854271356785,1.606901236675733
3.422110552763819,1.598197143510149
3.4271356783919598,1.589962520348829
3.4321608040201004,1.5730585493016462
3.4371859296482414,1.5600963915053454
3.442211055276382,1.5554620426059904
3.4472361809045227,1.552061999684613
3.4522613065326633,1.5656544320986032
3.457286432160804,1.5648378868477077
3.4623115577889445,1.5244524500511651
3.4673366834170856,1.4624817028140902
3.472361809045226,1.4437193411276308
3.477386934673367,1.4410567286144567
3.4824120603015074,1.4533803863108241
3.4874371859296485,1.4689161931961947
3.492462311557789,1.5155698024060127
3.4974874371859297,1.487710072085956
3.5025125628140703,1.4351903342431624
3.507537688442211,1.3697013644813236
3.5125628140703515,1.2694026214723997
3.5175879396984926,1.2380262017683632
3.522613065326633,1.2082943429272521
3.527638190954774,1.1887988832670564
3.5326633165829144,1.1632542687241685
3.5376884422110555,1.1538661914953572
3.542713567839196,1.1507233455235883
3.5477386934673367,1.1444495983489182
3.5527638190954773,1.1326870719708952
3.557788944723618,1.1244004311578684
3.5628140703517586,1.1153233918312662
3.5678391959798996,1.1041980378288128
3.5728643216080402,1.08337215720407
3.577889447236181,1.0698690439455663
3.5829145728643215,1.0610189014023266
3.5879396984924625,1.047206864210219
3.592964824120603,1.0199657589752706
3.5979899497487438,1.0019872138281007
3.6030150753768844,0.986611431898597
3.608040201005025,0.9752488891447147
3.6130653266331656,0.9589300792711636
3.6180904522613067,0.9538217663279654
3.6231155778894473,0.9502285602211713
3.628140703517588,0.9423609039062475
3.6331658291457285,0.933934926839124
3.6381909547738696,0.9261524901380982
3.64321608040201,0.9197398372746501
3.648241206030151,0.9160523693730616
3.6532663316582914,0.9017621366596626
3.658291457286432,0.8912293019689153
3.6633165829145726,0.8817001783764139
3.6683417085427137,0.86895498176718
3.6733668341708543,0.8494238291389051
3.678391959798995,0.8451370701909838
3.6834170854271355,0.8398082413182191
3.6884422110552766,0.836901097206235
3.693467336683417,0.8409162432252096
3.698492462311558,0.8443187239721739
3.7035175879396984,0.8478263114276414
3.708542713567839,0.8448826399926797
3.7135678391959797,0.8443717598481133
3.7185929648241207,0.8445593036418461
3.7236180904522613,0.8486973933676243
3.728643216080402,0.8511628823239415
3.7336683417085426,0.8571147063269886
3.7386934673366836,0.8567883199950849
3.7437185929648242,0.8574865327624686
3.748743718592965,0.8633931373557471
3.7537688442211055,0.876265621932642
3.758793969849246,0.883313714575405
3.7638190954773867,0.8909958213914362
3.7688442211055277,0.897944392386856
3.7738693467336684,0.9209580052993731
3.778894472361809,0.9293896532214031
3.78391959798995,0.937534166588077
3.7889447236180906,0.9492787059209745
3.7939698492462313,0.9443721736238314
3.798994974874372,0.9586593734319818
3.8040201005025125,0.9789976091921778
3.809045226130653,0.9908479319683722
3.8140703517587937,1.002438652403727
3.819095477386935,0.9975439743474972
3.8241206030150754,0.9921847875002923
3.829145728643216,0.9981410904756902
3.834170854271357,1.009587079203176
3.8391959798994977,1.0234921015923866
3.8442211055276383,1.0359196580145587
3.849246231155779,1.0468178890432662
3.8542713567839195,1.0782302551983043
3.85929648241206,1.100490030034348
3.8643216080402008,1.1166240395231513
3.869346733668342,1.1318750148978465
3.8743718592964824,1.162747839409302
3.879396984924623,1.179384227540372
3.884422110552764,1.1990566435385779
3.8894472361809047,1.2140985640424753
3.8944723618090453,1.242056718615539
3.899497487437186,1.2459870570090203
3.9045226130653266,1.2491927686258033
3.909547738693467,1.2544153289851812
3.914572864321608,1.2770757373910913
3.919597989949749,1.289942782302378
3.9246231155778895,1.3009087955775378
3.92964824120603,1.3134515060176375
3.934673366834171,1.3342864246693813
3.9396984924623117,1.3367709400570467
3.9447236180904524,1.3477251623183415
3.949748743718593,1.3536611539041077
3.9547738693467336,1.3706741974685304
3.959798994974874,1.3782901241763288
3.964824120603015,1.387050731725772
3.969849246231156,1.3827404126867053
3.9748743718592965,1.386821946841771
3.979899497487437,1.399940854179204
3.984924623115578,1.4318012524163402
3.9899497487437188,1.4705598663332273
3.9949748743718594,1.546719795765542
4.0,1.57819288306943
4.005025125628141,1.6075377525874783
4.010050251256281,1.6221716018686185
4.015075376884422,1.6346082880170407
4.0201005025125625,1.635809477147629
4.025125628140704,1.63827521654147
4.030150753768845,1.6410684258351327
4.035175879396985,1.6425402405207612
4.040201005025126,1.6366574613070384
4.045226130653266,1.6270773917607608
4.050251256281407,1.6139525463067368
4.055276381909548,1.5820669959932163
4.060301507537688,1.5713221024885382
4.065326633165829,1.5544981039763284
4.0703517587939695,1.5502243425891622
4.075376884422111,1.5615361057542025
4.080402010050252,1.5673486394427374
4.085427135678392,1.5677147496512238
4.090452261306533,1.5729997248308722
4.0954773869346734,1.5736254025580547
4.100502512562814,1.5582351820575737
4.105527638190955,1.5367181494708129
4.110552763819095,1.5141324175028419
4.115577889447236,1.4708577576074444
4.1206030150753765,1.4473445961570452
4.125628140703517,1.4291352580945582
4.130653266331659,1.4012051960594494
4.135678391959799,1.3460720087781337
4.14070351758794,1.3201376679717916
4.1457286432160805,1.2864883999896775
4.150753768844221,1.2586109236964378
4.155778894472362,1.2079631555643575
4.160804020100502,1.189814617938862
4.165829145728643,1.1706308839792328
4.1708542713567835,1.1503910392792531
4.175879396984925,1.1132608213446658
4.180904522613066,1.094562581471704
4.185929648241206,1.0795955194391091
4.190954773869347,1.0663735811848492
4.1959798994974875,1.0319092302058357
4.201005025125628,1.011800723165387
4.206030150753769,0.9932968084812314
4.211055276381909,0.9490646270533951
4.21608040201005,0.9074513398160806
4.221105527638191,0.8868826510717186
4.226130653266332,0.8669713137705306
4.231155778894473,0.8482721585794267
4.236180904522613,0.8155247630262369
4.241206030150754,0.8011060687006435
4.2462311557788945,0.7904658987116396
4.251256281407035,0.7781379352094331
4.256281407035176,0.7522388563235749
4.261306532663316,0.745398764890981
4.266331658291457,0.7433771204287901
4.271356783919598,0.7411317698776649
4.276381909547739,0.7254639038208587
4.28140703517588,0.7152944179713693
4.28643216080402,0.6988416154272726
4.291457286432161,0.6907491136237527
4.296482412060302,0.6623639292299967
4.301507537688442,0.6557741832094338
4.306532663316583,0.6531416877959944
4.311557788944723,0.6468207748951792
4.316582914572864,0.6468598340204778
4.321608040201005,0.6498702487697063
4.326633165829146,0.6462221455923651
4.331658291457287,0.6380953177966439
4.336683417085427,0.6375614296567821
4.341708542713568,0.6533977639646465
4.346733668341709,0.6500859836621614
4.351758793969849,0.6547523897092702
4.35678391959799,0.678334156924152
4.36180904522613,0.6797347976534672
4.366834170854271,0.6744425761330612
4.371859296482412,0.6706970120769884
4.376884422110553,0.6668334979873162
4.381909547738694,0.6694148366872369
4.386934673366834,0.6765972374973165
4.391959798994975,0.6805701835747728
4.396984924623116,0.710993175079058
4.402010050251256,0.7236827251061061
4.407035175879397,0.7279107095921863
4.4120603015075375,0.7318184482308436
4.417085427135678,0.7400906159640183
4.422110552763819,0.7616556117701753
4.42713567839196,0.7869884941045835
4.432160804020101,0.8103975722656133
4.437185929648241,0.8423877147068326
4.442211055276382,0.8443181375346618
4.447236180904523,0.8352500437886848
4.452261306532663,0.8253913535881026
4.457286432160804,0.8086427977129332
4.4623115577889445,0.818633484165533
4.467336683417085,0.8327084111698404
4.472361809045226,0.8583625902495984
4.477386934673367,0.8989395893707208
4.482412060301508,0.9374625175424349
4.4874371859296485,0.9699882239027441
4.492462311557789,1.0012840133159022
4.49748743718593,1.0399814015538933
4.50251256281407,1.0609292279176779
4.507537688442211,1.0866234778325932
4.5125628140703515,1.1175691687985132
4.517587939698492,1.1825268397030149
4.522613065326633,1.2163927444448195
4.527638190954773,1.2370427693499526
4.532663316582915,1.247990473764123
4.5376884422110555,1.2543622270369115
4.542713567839196,1.2492743813414249
4.547738693467337,1.2579609163408059
4.552763819095477,1.2478759171993021
4.557788944723618,1.2266737973642383
4.562814070351759,1.229198163883269
4.567839195979899,1.2226315314709497
4.572864321608041,1.2283136611427878
4.577889447236181,1.2505574568071631
4.582914572864322,1.269809116522637
4.5879396984924625,1.2822557260226992
4.592964824120603,1.2877269215113116
4.597989949748744,1.2885868186086649
4.603015075376884,1.2850833625185567
4.608040201005025,1.2832842096893422
4.613065326633166,1.2796770825290262
4.618090452261306,1.2707951667601667
4.623115577889447,1.2583836283371619
4.628140703517588,1.2526637130092018
4.633165829145729,1.2364654451402999
4.63819095477387,1.2227202672606683
4.64321608040201,1.2312855534188647
4.648241206030151,1.2335999998273346
4.653266331658291,1.2326746420033146
4.658291457286432,1.2464373730031526
4.663316582914573,1.2473186725648744
4.668341708542713,1.2441842024869147
4.673366834170855,1.2533442700954116
4.678391959798995,1.2563426845594319
4.683417085427136,1.249137512904404
4.688442211055277,1.2544845644032452
4.693467336683417,1.2604510722995161
4.698492462311558,1.2909175280636638
4.703517587939698,1.287504354424093
4.708542713567839,1.276927125378735
4.71356783919598,1.272554451482529
4.71859296482412,1.2666022715185696
4.723618090452261,1.2620599134759807
4.728643216080402,1.263266370518902
4.733668341708543,1.2664826050957034
4.738693467336684,1.2584758509804628
4.743718592964824,1.2545444926669602
4.748743718592965,1.2515334253938248
4.7537688442211055,1.2533441686456277
4.758793969849246,1.265961598859144
4.763819095477387,1.263845498537697
4.768844221105527,1.2684672807400277
4.773869346733669,1.2664968219056059
4.778894472361809,1.247659684674471
4.78391959798995,1.2476711711396558
4.788944723618091,1.232517393388426
4.793969849246231,1.2096040767891783
4.798994974874372,1.1716415285585433
4.8040201005025125,1.1549599495471694
4.809045226130653,1.1478125655027478
4.814070351758794,1.1421086811367822
4.819095477386934,1.1432174954727554
4.824120603015075,1.1419622176889215
4.8291457286432165,1.136479099473897
4.834170854271357,1.129107871334267
4.839195979899498,1.1132447423424017
4.844221105527638,1.0971274925882588
4.849246231155779,1.0849701725508403
4.8542713567839195,1.0853042118327931
4.85929648241206,1.082806610791604
4.864321608040201,1.081446707065124
4.869346733668341,1.070103988121248
4.874371859296483,1.061488249659882
4.8793969849246235,1.0679224156187563
4.884422110552764,1.077277807179745
4.889447236180905,1.0644013083597745
4.894472361809045,1.044460103595154
4.899497487437186,1.0077866618000062
4.9045226130653266,0.9902027076013274
4.909547738693467,0.9827092441744913
4.914572864321608,0.9718988232938653
4.919597989949748,0.960966552750927
4.924623115577889,0.954149470257674
4.9296482412060305,0.9420878354474174
4.934673366834171,0.9355025597859152
4.939698492462312,0.9393525780200958
4.944723618090452,0.9448086659710525
4.949748743718593,0.945153649039668
4.954773869346734,0.9461981211437697
4.959798994974874,0.9306431784040541
4.964824120603015,0.9237573648864729
4.969849246231155,0.9221978582869296
4.974874371859297,0.9199027237186549
4.9798994974874375,0.9250049704904293
4.984924623115578,0.923137613760267
4.989949748743719,0.9195166610627563
4.994974874371859,0.9146061940775385
5.0,0.8984428485296101
5.005025125628141,0.8908481616740308
5.010050251256281,0.8859421953383866
5.015075376884422,0.8843478106554005
5.0201005025125625,0.8807394988820474
5.025125628140704,0.8798805838271464
5.030150753768845,0.8811803843464742
5.035175879396985,0.8861921934439503
5.040201005025126,0.9084902663490677
5.045226130653266,0.9189414780806229
5.050251256281407,0.9283343062200169
5.055276381909548,0.934660125320429
5.060301507537688,0.9471472402578176
5.065326633165829,0.9561224669680135
5.0703517587939695,0.9665528276850677
5.075376884422111,0.9782526543638919
5.080402010050252,0.9956877798356271
5.085427135678392,1.0117438502516336
5.090452261306533,1.0248648862698926
5.0954773869346734,1.0335852332526816
5.100502512562814,1.040262916817667
5.105527638190955,1.048846079886844
5.110552763819095,1.0569409697565895
5.115577889447236,1.0657788937040364
5.1206030150753765,1.0860513660366162
5.125628140703517,1.0992486348833916
5.130653266331659,1.1051653156143655
5.135678391959799,1.114848001179533
5.14070351758794,1.1407824655809713
5.1457286432160805,1.151889539784957
5.150753768844221,1.1702648732590413
5.155778894472362,1.191167321514908
5.160804020100502,1.2186949961089528
5.165829145728643,1.2317864515998704
5.1708542713567835,1.2498007928890107
5.175879396984925,1.2878944103652288
5.180904522613066,1.3156394200471495
5.185929648241206,1.32921471455781
5.190954773869347,1.3345751200340878
5.1959798994974875,1.3449801979363858
5.201005025125628,1.342030299768228
5.206030150753769,1.3510864085890288
5.211055276381909,1.3492834313605129
5.21608040201005,1.3493110383410492
5.221105527638191,1.3555988680498372
5.226130653266332,1.3643313993788313
5.231155778894473,1.365038821768817
5.236180904522613,1.3681142399149275
5.241206030150754,1.3573372120891698
5.2462311557788945,1.350327982366136
5.251256281407035,1.3410855741961436
5.256281407035176,1.3261245040289393
5.261306532663316,1.3015563315761636
5.266331658291457,1.2894430772581627
5.271356783919598,1.2768837007766214
5.276381909547739,1.2703910239835605
5.28140703517588,1.2623658343927089
5.28643216080402,1.2540115262153695
5.291457286432161,1.246118940152183
5.296482412060302,1.2345825646476625
5.301507537688442,1.2098395518294978
5.306532663316583,1.1940674630162236
5.311557788944723,1.1777046997316432
5.316582914572864,1.1621552018900059
5.321608040201005,1.135949176117048
5.326633165829146,1.1291031129790583
5.331658291457287,1.1260828375790122
5.336683417085427,1.1144890134599803
5.341708542713568,1.0820341361218693
5.346733668341709,1.060872963298151
5.351758793969849,1.04334321944411
5.35678391959799,1.01955354422708
5.36180904522613,0.9887860188503881
5.366834170854271,0.9599271976592808
5.371859296482412,0.9504568340382429
5.376884422110553,0.9327128160822065
5.381909547738694,0.9057434268213046
5.386934673366834,0.8900072166735503
5.391959798994975,0.8725314062720035
5.396984924623116,0.8579088004479264
5.402010050251256,0.827309973945679
5.407035175879397,0.8167221391795375
5.4120603015075375,0.8063454177373367
5.417085427135678,0.7975210503209303
5.422110552763819,0.7860938030343454
5.42713567839196,0.7761943460016957
5.432160804020101,0.7661966533351604
5.437185929648241,0.7583693112969433
5.442211055276382,0.7431832168402351
5.447236180904523,0.7371550171422562
5.452261306532663,0.7327667481374956
5.457286432160804,0.7275858881410496
5.4623115577889445,0.7194101630863996
5.467336683417085,0.7187066755199927
5.472361809045226,0.7219487087169004
5.477386934673367,0.725336342253716
5.482412060301508,0.7359272051140656
5.4874371859296485,0.7448899646753203
5.492462311557789,0.7502782467245068
5.49748743718593,0.7605651562555309
5.50251256281407,0.7723041436273665
5.507537688442211,0.773242797244824
5.5125628140703515,0.7758795391882686
5.517587939698492,0.780267848862812
5.522613065326633,0.798379639142933
5.527638190954773,0.7959148759584783
5.532663316582915,0.8107053675546992
5.5376884422110555,0.830746558694046
5.542713567839196,0.8646145369203551
5.547738693467337,0.8730496466576227
5.552763819095477,0.8762511463598779
5.557788944723618,0.8890857466065915
5.562814070351759,0.9083118942775108
5.567839195979899,0.9175461988455949
5.572864321608041,0.9311704816036642
5.577889447236181,0.9433247428717217
5.582914572864322,0.9726932262028969
5.5879396984924625,0.9888244131437088
5.592964824120603,1.0029926190600806
5.597989949748744,1.019594356016156
5.603015075376884,1.043212917267132
5.608040201005025,1.0484770512242985
5.613065326633166,1.0601053430588867
5.618090452261306,1.0722772628821333
5.623115577889447,1.0870430343983628
5.628140703517588,1.0815768637378482
5.633165829145729,1.0904044514385476
5.63819095477387,1.0986849061901234
5.64321608040201,1.093910903562077
5.648241206030151,1.1008591735390136
5.653266331658291,1.112361561628682
5.658291457286432,1.1314309321213556
5.663316582914573,1.1798497524134164
5.668341708542713,1.2055271447151241
5.673366834170855,1.2231542153661574
5.678391959798995,1.2400840223375995
5.683417085427136,1.2401089734543491
5.688442211055277,1.2348987119881534
5.693467336683417,1.2345686389553234
5.698492462311558,1.2352644514487576
5.703517587939698,1.2459378635766714
5.708542713567839,1.2564251576536503
5.71356783919598,1.2741108284074036
5.71859296482412,1.2869238413247304
5.723618090452261,1.3143903266511057
5.728643216080402,1.335447213934718
5.733668341708543,1.3599631073297538
5.738693467336684,1.3850567081596334
5.743718592964824,1.439711724771317
5.748743718592965,1.4553540509037655
5.7537688442211055,1.4653553908912338
5.758793969849246,1.4673886432990408
5.763819095477387,1.4612154301159703
5.768844221105527,1.4572520015090045
5.773869346733669,1.4509542724527882
5.778894472361809,1.443173952498104
5.78391959798995,1.415014149555403
5.788944723618091,1.4138029497567899
5.793969849246231,1.4231163928372128
5.798994974874372,1.4330367073072485
5.8040201005025125,1.4667031978958798
5.809045226130653,1.4786145309731675
5.814070351758794,1.4941569891025506
5.819095477386934,1.5090926823558586
5.824120603015075,1.5337585908626559
5.8291457286432165,1.5401951536944922
5.834170854271357,1.5421981547631938
5.839195979899498,1.542983885858177
5.844221105527638,1.5321613360171964
5.849246231155779,1.523908483751895
5.8542713567839195,1.513856581599129
5.85929648241206,1.4990796776105666
5.864321608040201,1.481449320950602
5.869346733668341,1.4720021705680328
5.874371859296483,1.458564267151777
5.8793969849246235,1.4424767490798596
5.884422110552764,1.4008079002386444
5.889447236180905,1.3836288527910943
5.894472361809045,1.3689781189025632
5.899497487437186,1.353883344180362
5.9045226130653266,1.317190282850963
5.909547738693467,1.2955356688269914
5.914572864321608,1.2741857380908013
5.919597989949748,1.251578217430297
5.924623115577889,1.2073867853662306
5.9296482412060305,1.1812602256696023
5.934673366834171,1.1514737522627254
5.939698492462312,1.118155526057981
5.944723618090452,1.0531723233991672
5.949748743718593,1.0265015302346119
5.954773869346734,1.0126988992143717
5.959798994974874,0.9969290946566861
5.964824120603015,0.974222596798596
5.969849246231155,0.9700990041129823
5.974874371859297,0.9647257087493833
5.9798994974874375,0.9563135753302887
5.984924623115578,0.9205872617552342
5.989949748743719,0.8958116319243683
5.994974874371859,0.8688808993147449
6.0,0.8427200919457184
6.005025125628141,0.8014330424121531
6.010050251256281,0.791048177163692
6.015075376884422,0.791397181674916
6.0201005025125625,0.7884537359725046
6.025125628140704,0.7784598047946985
6.030150753768845,0.7680044981769314
6.035175879396985,0.7545249389715358
6.040201005025126,0.742120348050099
6.045226130653266,0.711387549669658
6.050251256281407,0.6926173231944174
6.055276381909548,0.6693033718329828
6.060301507537688,0.6476676033746014
6.065326633165829,0.6038680609942871
6.0703517587939695,0.5899848802579606
6.075376884422111,0.5816565037709112
6.080402010050252,0.5715628387929012
6.085427135678392,0.5678693063601871
6.090452261306533,0.5704114327693651
6.0954773869346734,0.5647114323918013
6.100502512562814,0.5285485130638435
6.105527638190955,0.4692180865589049
6.110552763819095,0.43881356926831694
6.115577889447236,0.40506753098341514
6.1206030150753765,0.37547607050383386
6.125628140703517,0.3307415781936102
6.130653266331659,0.31047900267328865
6.135678391959799,0.2957654715631965
6.14070351758794,0.2802654683153099
6.1457286432160805,0.24767791313316576
6.150753768844221,0.2313074229094259
6.155778894472362,0.22026989594359006
6.160804020100502,0.2144826958754482
6.165829145728643,0.23273721025010158
6.1708542713567835,0.24688506356197412
6.175879396984925,0.24881151464713203
6.180904522613066,0.24880894663576708
6.185929648241206,0.2208118724910416
6.190954773869347,0.20621773418889075
6.1959798994974875,0.20529601970325678
6.201005025125628,0.22524337766069838
6.206030150753769,0.2904276703793907
6.211055276381909,0.31765650207889656
6.21608040201005,0.3427342690117228
6.221105527638191,0.37390354847339974
6.226130653266332,0.40993238255229364
6.231155778894473,0.41460127060707375
6.236180904522613,0.41669761170781866
6.241206030150754,0.41264935505462746
6.2462311557788945,0.4198464905391017
6.251256281407035,0.42268715667855344
6.256281407035176,0.43868109379137826
6.261306532663316,0.46582868368961566
6.266331658291457,0.5266854939620038
6.271356783919598,0.5739399002561156
6.276381909547739,0.6329941622803484
6.28140703517588,0.7194074419082694
6.28643216080402,0.9707611832788742
6.291457286432161,1.115550446107212
6.296482412060302,1.2627669669943065
6.301507537688442,1.397018590239228
6.306532663316583,1.6413663712178947
6.311557788944723,1.721809041422422
6.316582914572864,1.7772552510483688
6.321608040201005,1.7938527679924012
6.326633165829146,1.7485767738034839
6.331658291457287,1.7427968304963144
6.336683417085427,1.7710401087812777
6.341708542713568,1.8311606691301012
6.346733668341709,2.0398541664405814
6.351758793969849,2.1594611557159347
6.35678391959799,2.287930131203748
6.36180904522613,2.4086577831036937
6.366834170854271,2.492907525133253
6.371859296482412,2.403977632122645
6.376884422110553,2.2370990782772675
6.381909547738694,2.0650287749990315
6.386934673366834,1.8510462058668335
6.391959798994975,1.883095527275236
6.396984924623116,2.0244257839547983
6.402010050251256,2.1813885554744714
6.407035175879397,2.399106021039087
6.4120603015075375,2.5131212587903518
6.417085427135678,2.654340633374134
6.422110552763819,2.7774662351180797
6.42713567839196,2.8402863779550467
6.432160804020101,2.772659039273672
6.437185929648241,2.662918657441868
6.442211055276382,2.511818036882051
6.447236180904523,2.7167152959369885
6.452261306532663,3.2101836264578387
6.457286432160804,3.859184995784861
6.4623115577889445,4.3779458706088406
6.467336683417085,3.721630447128382
6.472361809045226,2.6543829309344193
6.477386934673367,2.1576884299870542
6.482412060301508,2.459456032587084
6.4874371859296485,3.283816285075948
6.492462311557789,3.3551872148833963
6.49748743718593,3.203795391229908
6.50251256281407,2.9818190846820336
6.507537688442211,3.415844877492097
6.5125628140703515,2.813677120940141
6.517587939698492,2.0417866545841656
6.522613065326633,1.2047360996371779
6.527638190954773,0.7587757022704403
6.532663316582915,1.0468963087918497
6.5376884422110555,1.2416676918153262
6.542713567839196,1.2853359763244783
6.547738693467337,1.2149961218575966
6.552763819095477,1.17377911148904
6.557788944723618,1.3333350505833108
6.562814070351759,1.6282395177826263
6.567839195979899,1.953498558755291
6.572864321608041,1.9019715660203755
6.577889447236181,1.931705350344353
6.582914572864322,2.015845755513303
6.5879396984924625,2.2171129999106944
6.592964824120603,2.2063823223197288
6.597989949748744,2.1574996681450496
6.603015075376884,2.0280121659492085
6.608040201005025,1.3744240601280961
6.613065326633166,1.2248112821067578
6.618090452261306,1.145476310992506
6.623115577889447,0.8857481257722197
6.628140703517588,0.821247468943436
6.633165829145729,0.9623489399926619
6.63819095477387,1.1291826372487315
6.64321608040201,1.266075379153232
6.648241206030151,1.405740635030872
6.653266331658291,1.435193169765659
6.658291457286432,1.4559716208158042
6.663316582914573,1.4309013822010936
6.668341708542713,1.2959498428291891
6.673366834170855,1.2516324649628578
6.678391959798995,1.2472287436272465
6.683417085427136,1.3109948514487004
6.688442211055277,1.1692585491789231
6.693467336683417,0.9472122989974318
6.698492462311558,0.7953068189503973
6.703517587939698,0.6518374399441934
6.708542713567839,0.6927601382556591
6.71356783919598,0.8238086522955437
6.71859296482412,0.9453321958999387
6.723618090452261,1.0633485185822191
6.728643216080402,1.259936224962994
6.733668341708543,1.3429019024735203
6.738693467336684,1.41850612890886
6.743718592964824,1.421994277375616
6.748743718592965,1.2825720019636324
6.7537688442211055,1.1302221260641643
6.758793969849246,0.9567683326265559
6.763819095477387,0.8253568094618229
6.768844221105527,0.6968682952911547
6.773869346733669,0.7308256893876952
6.778894472361809,0.7844857151491033
6.78391959798995,0.778004248626574
6.788944723618091,0.6435689411982216
6.793969849246231,0.5636762524898491
6.798994974874372,0.49924322951142763
6.8040201005025125,0.45449098579069747
6.809045226130653,0.47436059510566436
6.814070351758794,0.4828986984699793
6.819095477386934,0.46886825054486253
6.824120603015075,0.4949195770718713
6.8291457286432165,0.5258871096005302
6.834170854271357,0.5498028644432476
6.839195979899498,0.5936753556902964
6.844221105527638,0.6329416165224089
6.849246231155779,0.7772464186556282
6.8542713567839195,0.8736681558778482
6.85929648241206,0.9029239534877785
6.864321608040201,1.0421422364466377
6.869346733668341,1.4041333160273635
6.874371859296483,1.8681555023407448
6.8793969849246235,1.836644968526307
6.884422110552764,2.0589303548787172
6.889447236180905,2.1860467395179364
6.894472361809045,2.187721898562749
6.899497487437186,2.08442161884802
6.9045226130653266,2.0716289904027216
6.909547738693467,2.117007246468703
6.914572864321608,2.0680393274147377
6.919597989949748,2.041429920680845
6.924623115577889,1.8987972744276835
6.9296482412060305,1.575057406499522
6.934673366834171,1.4385795118039182
6.939698492462312,1.3336680550463071
6.944723618090452,1.2056514987080635
6.949748743718593,1.1023402324083067
6.954773869346734,1.2069828459936787
6.959798994974874,1.2031951561014531
6.964824120603015,0.8991583471480427
6.969849246231155,1.025863740521128
6.974874371859297,1.2176902682915718
6.9798994974874375,1.2595686233532495
6.984924623115578,1.3182977334498456
6.989949748743719,1.2427085611365198
6.994974874371859,1.0874582009208444
7.0,1.0581100076839838
7.005025125628141,1.034822968301825
7.010050251256281,1.0547157553322126
7.015075376884422,1.002809043463909
7.0201005025125625,0.9032995082307972
7.025125628140704,0.8042892930705966
7.030150753768845,0.6219414805317297
7.035175879396985,0.5881250266210408
7.040201005025126,0.6027807586859422
7.045226130653266,0.6183239669509828
7.050251256281407,0.7619969892099312
7.055276381909548,0.7989241181144803
7.060301507537688,0.8054522752454052
7.065326633165829,0.815411424582094
7.0703517587939695,0.8413849740719167
7.075376884422111,0.8692135905966957
7.080402010050252,0.9656198183161943
7.085427135678392,1.0488442852783249
7.090452261306533,1.173318045732699
7.0954773869346734,1.1416683264665795
7.100502512562814,1.1017008444714018
7.105527638190955,1.046024207735653
7.110552763819095,0.9592613696256094
7.115577889447236,0.9208672563371987
7.1206030150753765,0.9133242730788447
7.125628140703517,0.9174497573567721
7.130653266331659,0.9563108385676699
7.135678391959799,1.0526142453762442
7.14070351758794,0.9922353620240512
7.1457286432160805,1.0703693578746545
7.150753768844221,1.1106068144586543
7.155778894472362,1.118912149036286
7.160804020100502,1.141710554900409
7.165829145728643,1.146531147832016
7.1708542713567835,1.1519088286427013
7.175879396984925,1.1518313664747108
7.180904522613066,1.1501709939152525
7.185929648241206,1.1491779559728772
7.190954773869347,1.1538030936108639
7.1959798994974875,1.1387417114468936
7.201005025125628,1.1135324749467346
7.206030150753769,1.091320667147837
7.211055276381909,1.073575615019734
7.21608040201005,1.0602453014906503
7.221105527638191,1.072511934806322
7.226130653266332,1.0966441356160166
7.231155778894473,1.0296721041215013
7.236180904522613,1.1204571422856833
7.241206030150754,1.1048874363929568
7.2462311557788945,1.1057973002164547
7.251256281407035,1.0481161806431576
7.256281407035176,1.0116725989617392
7.261306532663316,1.042741591757517
7.266331658291457,1.116405622729033
7.271356783919598,1.194955279869502
7.276381909547739,1.1800804922805053
7.28140703517588,1.207765861079456
7.28643216080402,1.2490444853931344
7.291457286432161,1.1818263471360757
7.296482412060302,1.0601229696355985
7.301507537688442,0.9548918805650197
7.306532663316583,0.8903713005651069
7.311557788944723,0.8389423155223487
7.316582914572864,0.8110546770409502
7.321608040201005,0.7574915727960279
7.326633165829146,0.733397152992156
7.331658291457287,0.7001497676647476
7.336683417085427,0.6978921458656774
7.341708542713568,0.724205067652112
7.346733668341709,0.7875060424472946
7.351758793969849,0.9165530569481507
7.35678391959799,0.9686656375488912
7.36180904522613,1.005690435954325
7.366834170854271,1.032828068455733
7.371859296482412,1.0708554755661475
7.376884422110553,1.0807843608014507
7.381909547738694,1.0789028180730644
7.386934673366834,1.0771030308057814
7.391959798994975,1.1205472441744704
7.396984924623116,1.1079768521313973
7.402010050251256,1.0881844145460824
7.407035175879397,1.0743516107034046
7.4120603015075375,1.0835959970270286
7.417085427135678,1.0977392395077257
7.422110552763819,1.1087483025935148
7.42713567839196,1.1246447619164017
7.432160804020101,1.1404688948735078
7.437185929648241,1.1511039066882711
7.442211055276382,1.1771246214628255
7.447236180904523,1.220157607231951
7.452261306532663,1.2662619198704508
7.457286432160804,1.2520784729380983
7.4623115577889445,1.2309844376749854
7.467336683417085,1.2216803836343613
7.472361809045226,1.1536224428919541
7.477386934673367,1.1191162268620718
7.482412060301508,1.0855111007603746
7.4874371859296485,1.064679078033846
7.492462311557789,1.0352376386946138
7.49748743718593,1.037985519562773
7.50251256281407,1.0272842278673415
7.507537688442211,1.0207828206695093
7.5125628140703515,0.9979785881660989
7.517587939698492,0.9674276365227531
7.522613065326633,0.930281993047807
7.527638190954773,0.8689503923826722
7.532663316582915,0.8464437090758015
7.5376884422110555,0.8302663019838875
7.542713567839196,0.8070929397597281
7.547738693467337,0.7888753926520969
7.552763819095477,0.7759220655317131
7.557788944723618,0.7529861669765255
7.562814070351759,0.7393203402220176
7.567839195979899,0.7294852653844353
7.572864321608041,0.733432476016027
7.577889447236181,0.7713128553323871
7.582914572864322,0.8041432578595682
7.5879396984924625,0.826919262713114
7.592964824120603,0.8523019915176779
7.597989949748744,0.9606496351714292
7.603015075376884,1.0344860709057422
7.608040201005025,1.1018262927948306
7.613065326633166,1.1612524853786106
7.618090452261306,1.2464750175892014
7.623115577889447,1.269325042570263
7.628140703517588,1.2789978870486847
7.633165829145729,1.2668034296484203
7.63819095477387,1.2074891074730238
7.64321608040201,1.1682824466476418
7.648241206030151,1.1295452598329117
7.653266331658291,1.090391463007667
7.658291457286432,1.0233831318763271
7.663316582914573,0.9972805028852214
7.668341708542713,0.9992647694625284
7.673366834170855,1.008379978552232
7.678391959798995,1.0248494647927568
7.683417085427136,1.0311141624461377
7.688442211055277,1.0294423878498495
7.693467336683417,1.026548493769778
7.698492462311558,0.9897802359897878
7.703517587939698,0.9746168124786275
7.708542713567839,0.9493815989132083
7.71356783919598,0.9251070856944076
7.71859296482412,0.9073295264263145
7.723618090452261,0.9067031279630616
7.728643216080402,0.8957522733183545
7.733668341708543,0.8798064732672748
7.738693467336684,0.8544591431525559
7.743718592964824,0.8488628599974203
7.748743718592965,0.8512124943637751
7.7537688442211055,0.8563429837220599
7.758793969849246,0.8517598939390137
7.763819095477387,0.8450344729707776
7.768844221105527,0.8450081703001456
7.773869346733669,0.8522950211499537
7.778894472361809,0.8663973620972077
7.78391959798995,0.8831398997769266
7.788944723618091,0.9096041867642211
7.793969849246231,0.9297722694837699
7.798994974874372,0.9758467689043193
7.8040201005025125,0.9963834520088138
7.809045226130653,1.005935184176893
7.814070351758794,1.0129591082768348
7.819095477386934,1.0290659244606246
7.824120603015075,1.0259920455159484
7.8291457286432165,1.0114739794206276
7.834170854271357,0.9952438394941211
7.839195979899498,0.9742004283185263
7.844221105527638,0.9691445596406142
7.849246231155779,0.9706756698387985
7.8542713567839195,0.97292928696026
7.85929648241206,0.9767461230478471
7.864321608040201,0.9783700566069058
7.869346733668341,0.9786955811492152
7.874371859296483,0.9838990477493105
7.8793969849246235,1.0061120056663673
7.884422110552764,1.0128048238698313
7.889447236180905,1.0245638225327889
7.894472361809045,1.033350272560084
7.899497487437186,1.0689412581690352
7.9045226130653266,1.0806013586799714
7.909547738693467,1.078233236458606
7.914572864321608,1.0802396807620982
7.919597989949748,1.0748662169753966
7.924623115577889,1.0769859379314106
7.9296482412060305,1.0796020899488847
7.934673366834171,1.081988025827458
7.939698492462312,1.0731429720535843
7.944723618090452,1.057958928977869
7.949748743718593,1.0421405180190433
7.954773869346734,1.0306889953118739
7.959798994974874,1.0599140996991219
7.964824120603015,1.0736602091318275
7.969849246231155,1.0937309473714274
7.974874371859297,1.1196964274739827
7.9798994974874375,1.1568821458337926
7.984924623115578,1.167035375067954
7.989949748743719,1.17038559676117
7.994974874371859,1.157231303981188
8.0,1.105663861352536
8.005,1.0802519506716939
8.01,1.0619838086665916
8.015,1.0542325064050149
8.02,1.0518350097662656
8.025,1.0527050901054862
8.03,1.0612112586558815
8.035,1.0604524099751014
8.04,1.0414041770532707
8.045,1.0283384821103407
8.05,1.021286440514609
8.055,1.0262618329378717
8.06,1.045274295844397
8.065,1.0517117521954387
8.07,1.052551280698475
8.075,1.051949588462299
8.08,1.0771458381881258
8.085,1.0993811305680121
8.09,1.1200507131139197
8.095,1.1335694438013049
8.1,1.1449475863855079
8.105,1.142371679346963
8.11,1.1326338149397623
8.115,1.1226287462856988
8.12,1.0942847448050257
8.125,1.0809107526044877
8.13,1.071015641820884
8.135,1.0662422270511518
8.14,1.0664845559003655
8.145,1.0639991520452448
8.15,1.0633765169256841
8.155,1.0670120733660888
8.16,1.0808264031827683
8.165,1.0823148501194095
8.17,1.086177523970184
8.175,1.0950124359079216
8.18,1.1102055163256936
8.185,1.1167481025683454
8.19,1.1147840641299103
8.195,1.114372265963668
8.2,1.097038666167241
8.205,1.0863852858949261
8.21,1.0743379758181315
8.215,1.0651848579007308
8.22,1.0511601472378032
8.225,1.048606665781312
8.23,1.0584320521852124
8.235,1.0696669559942478
8.24,1.0868655508999263
8.245,1.0959434142481992
8.25,1.1077053217431068
8.255,1.1141741099585827
8.26,1.132857308794007
8.265,1.130932563077923
8.27,1.1262483340129743
8.275,1.1340716456877844
8.28,1.0873868581939916
8.285,1.0663958240283016
8.29,1.0437812712182566
8.295,1.0334456222022521
8.3,0.994280888938835
8.305,0.9734224567154797
8.31,0.9682964803447341
8.315,0.9578449125766656
8.32,0.9630871398045974
8.325,0.9619376249965482
8.33,0.9622983122571712
8.335,0.9628239366556068
8.34,0.9721562483850011
8.345,0.9707971058743429
8.35,0.9667158849072461
8.355,0.9625123869712015
8.36,0.9553899764520245
8.365,0.9514802807457442
8.37,0.947489609210043
8.375,0.9439125355216976
8.38,0.9305371519987797
8.385,0.9209717451653987
8.39,0.9176768263838856
8.395,0.9142820027174329
8.4,0.9258916642750381
8.405,0.9315760471807979
8.41,0.9381281829648868
8.415,0.9432821942229166
8.42,0.9504213099809999
8.425,0.9454604408456231
8.43,0.9390279620272232
8.435,0.9288303500946768
8.44,0.9140702864659808
8.445,0.9007638546400494
8.45,0.8934742429370867
8.455,0.8860052978447701
8.46,0.869854674346813
8.465,0.8630252024999038
8.47,0.8569732873275573
8.475,0.853090918002296
8.48,0.8627681582655912
8.485,0.8656130150482951
8.49,0.8695668365864696
8.495,0.8745734896216556
8.5,0.8941263749096097
8.505,0.9012871520603187
8.51,0.9016857331942212
8.515,0.9004188582709716
8.52,0.8850508703289318
8.525,0.8898338627215757
8.53,0.8921938577013406
8.535,0.8837470051971889
8.54,0.8849121409055253
8.545,0.8823136826305029
8.55,0.8860177916842301
8.555,0.906504569820252
8.56,0.9438925922476561
8.565,0.9500903402334959
8.57,0.9570346954301083
8.575,0.9663309376523137
8.58,0.9809065684911077
8.585,0.9810862229809365
8.59,0.9816713496766625
8.595,0.9753860034652948
8.6,0.9564580137658946
8.605,0.9503487031348019
8.61,0.9516684476565355
8.615,0.9574762456463345
8.62,0.9651717259462173
8.625,0.9679925204597399
8.63,0.9688566271079534
8.635,0.9631587130613521
8.64,0.9619273726649015
8.645,0.9689396636782912
8.65,0.9728217784347758
8.655,0.9741645361036296
8.66,0.9791070039382825
8.665,0.9827787142454807
8.67,0.9849526212534286
8.675,0.984858414870889
8.68,0.9782817814045195
8.685,0.9751807692099963
8.69,0.9758343222361059
8.695,0.9789951322560292
8.7,0.9784555317994784
8.705,0.9754483819715937
8.71,0.97603124077972
8.715,0.9749775950215471
8.72,0.9749753350664826
8.725,0.976824334214704
8.73,0.9744797430865354
8.735,0.9765838742729679
8.74,0.9760404652338959
8.745,0.9825217990182202
8.75,0.9918706728807944
8.755,1.004405051253726
8.76,1.0334821874817195
8.765,1.0493079117251523
8.77,1.0615385941674471
8.775,1.0754772570142987
8.78,1.0809588164740598
8.785,1.0788285396470563
8.79,1.0702851855935407
8.795,1.067125295004293
8.8,1.0678151080603795
8.805,1.066734217263607
8.81,1.0612614551848192
8.815,1.055119426660319
8.82,1.0296455264453879
8.825,1.0189133330553684
8.83,1.0067802567223894
8.835,1.000218490883367
8.84,0.9961283834230404
8.845,0.9940875702693399
8.85,0.9903437370630462
8.855,0.9860843994577747
8.86,0.9623667543665461
8.865,0.9527858569662965
8.87,0.9427562554096366
8.875,0.9426746487739023
8.88,0.9581515461783694
8.885,0.9721571186829833
8.89,0.9914850810022308
8.895,1.0079031513086958
8.9,1.0281495258832736
8.905,1.0297575944954231
8.91,1.022999576455924
8.915,1.0082907439097117
8.92,1.0000629426976084
8.925,0.9802485842264705
8.93,0.9569402860769317
8.935,0.9333720020238446
8.94,0.9141478321289177
8.945,0.9167303490918145
8.95,0.9256452995753827
8.955,0.970593537574303
8.96,0.9955176350331519
8.965,0.9992086394247199
8.97,0.9962578744652411
8.975,0.9948626410811695
8.98,0.9836702811013455
8.985,0.9708993905379693
8.99,0.9544503840022278
8.995,0.9391291516112148
9.0,0.9301699839685217
9.00502512562814,0.9340424166990491
9.010050251256281,0.9372325601444926
9.015075376884422,0.9424327601357033
9.020100502512562,0.9549617325851335
9.025125628140703,0.9686848221552766
9.030150753768844,0.986949214509541
9.035175879396984,1.0035051802566841
9.040201005025125,1.0430327359263467
9.045226130653266,1.0512291460276395
9.050251256281408,1.0570139751625804
9.055276381909549,1.0619519802839485
9.06030150753769,1.0602777897522893
9.06532663316583,1.0557616911988237
9.07035175879397,1.0498785202507956
9.075376884422111,1.0381688984914736
9.080402010050252,1.0071413060166878
9.085427135678392,0.9867241873684865
9.090452261306533,0.9745531568729332
9.095477386934673,0.9680930188582086
9.100502512562814,0.9635597427502873
9.105527638190955,0.9648666385019228
9.110552763819095,0.964492201190865
9.115577889447236,0.9644935657644379
9.120603015075377,0.9670335835890086
9.125628140703517,0.9646425084786592
9.130653266331658,0.954051615335879
9.135678391959798,0.9442917235309224
9.140703517587939,0.9280313855910263
9.14572864321608,0.921745617383126
9.150753768844222,0.9185603638351701
9.155778894472363,0.9168443188289929
9.160804020100503,0.921509409056142
9.165829145728644,0.9292508877343083
9.170854271356784,0.9373374301221519
9.175879396984925,0.9399974079203622
9.180904522613066,0.9465510328228479
9.185929648241206,0.947367033746689
9.190954773869347,0.949054609302331
9.195979899497488,0.9595472914551945
9.201005025125628,0.9709534196407158
9.206030150753769,0.9804929210417584
9.21105527638191,0.9938067386614965
9.21608040201005,0.9967774863017321
9.22110552763819,1.0106918298621
9.226130653266331,1.0116175095311468
9.231155778894472,1.0159069456470902
9.236180904522612,1.010187062974477
9.241206030150753,0.9864188749481632
9.246231155778894,0.9734059221563222
9.251256281407034,0.9609843889403199
9.256281407035177,0.9500903655874002
9.261306532663317,0.9242207868777893
9.266331658291458,0.9089907479430139
9.271356783919598,0.8922055428078218
9.27638190954774,0.8851545442904307
9.28140703517588,0.8829871509336927
9.28643216080402,0.886565335449678
9.291457286432161,0.8976946048941143
9.296482412060302,0.9123903094454697
9.301507537688442,0.9240129708862317
9.306532663316583,0.9266275065332348
9.311557788944723,0.9274737147892657
9.316582914572864,0.9294110499289322
9.321608040201005,0.9246404951174267
9.326633165829145,0.9240440629980802
9.331658291457286,0.9162880803137188
9.336683417085426,0.9127253475361577
9.341708542713567,0.9089762036054629
9.346733668341708,0.9113752969463239
9.35175879396985,0.9113043357051474
9.35678391959799,0.913487468015298
9.361809045226131,0.9144885483219569
9.366834170854272,0.9256858173629972
9.371859296482413,0.9351555501524866
9.376884422110553,0.9458395389330053
9.381909547738694,0.9645988852103241
9.386934673366834,0.9679165895473638
9.391959798994975,0.9691075224442333
9.396984924623116,0.9685894673973077
9.402010050251256,0.9635382786158524
9.407035175879397,0.959912381277583
9.412060301507537,0.957840508783691
9.417085427135678,0.9492079751898421
9.422110552763819,0.9397314534684896
9.42713567839196,0.940930590706881
9.4321608040201,0.9432873470210443
9.43718592964824,0.9417033633029034
9.442211055276381,0.9394471456665351
9.447236180904522,0.9423091934869361
9.452261306532664,0.9422275118483857
9.457286432160805,0.9508255685361011
9.462311557788945,0.9715895849302832
9.467336683417086,0.9823458071885887
9.472361809045227,0.9901193336169132
9.477386934673367,0.9982325373188354
9.482412060301508,0.9902928913674984
9.487437185929648,0.9830921862638314
9.492462311557789,0.97768320236056
9.49748743718593,0.9724837153531158
9.50251256281407,0.9899877271870596
9.507537688442211,0.9968455625727587
9.512562814070352,1.008468500341483
9.517587939698492,1.0147385561581859
9.522613065326633,1.0261678805590244
9.527638190954773,1.0310445607567114
9.532663316582914,1.0388896510125607
9.537688442211055,1.044770948189602
9.542713567839195,1.0544889861302489
9.547738693467338,1.0610784108076086
9.552763819095478,1.066737056000681
9.557788944723619,1.0674728699639162
9.56281407035176,1.0786293957880064
9.5678391959799,1.0863510637593172
9.57286432160804,1.0914503774203388
9.577889447236181,1.0991386842232422
9.582914572864322,1.109031061570865
9.587939698492463,1.1141950880981302
9.592964824120603,1.1124765711425117
9.597989949748744,1.112305052489199
9.603015075376884,1.1050281734367682
9.608040201005025,1.1003316323509016
9.613065326633166,1.0949418272296478
9.618090452261306,1.0922801682338648
9.623115577889447,1.0766757280917965
9.628140703517587,1.0696915887366787
9.633165829145728,1.0649758720576725
9.638190954773869,1.0617871045313179
9.64321608040201,1.0524755603005707
9.64824120603015,1.0456521816039022
9.653266331658292,1.042940749405737
9.658291457286433,1.0336938298843619
9.663316582914574,1.0330778450537985
9.668341708542714,1.0363357837404825
9.673366834170855,1.0387165608162796
9.678391959798995,1.038669613836373
9.683417085427136,1.030630480176091
9.688442211055277,1.016184092218531
9.693467336683417,1.0136704478211842
9.698492462311558,1.001420752416785
9.703517587939698,0.9938419782047848
9.708542713567839,0.9916539596562907
9.71356783919598,0.9843073555846262
9.71859296482412,0.9768488177174603
9.72361809045226,0.9719754860828538
9.728643216080402,0.9683593932466396
9.733668341708542,0.9621940509382709
9.738693467336683,0.9552476009569457
9.743718592964823,0.9321073770623212
9.748743718592966,0.9269571641009092
9.753768844221106,0.9258712234911506
9.758793969849247,0.9189433138757799
9.763819095477388,0.9138933456913887
9.768844221105528,0.909643186497321
9.773869346733669,0.9084201015752569
9.77889447236181,0.9055365698291815
9.78391959798995,0.9091746458684383
9.78894472361809,0.9063765529430912
9.793969849246231,0.9023281654198765
9.798994974874372,0.8982354623020625
9.804020100502512,0.894250971306154
9.809045226130653,0.8941015281023738
9.814070351758794,0.8978581055294873
9.819095477386934,0.9016365401984328
9.824120603015075,0.9127776694836481
9.829145728643216,0.9181877079448407
9.834170854271356,0.9244992945346145
9.839195979899497,0.9270481135938954
9.844221105527637,0.9290914895713985
9.849246231155778,0.9356996812380561
9.85427135678392,0.948078104924378
9.859296482412061,0.9587262601253812
9.864321608040202,0.9758341187215172
9.869346733668342,0.9826853801751606
9.874371859296483,0.9872137379762297
9.879396984924623,0.9922382232201096
9.884422110552764,0.9944293411504912
9.889447236180905,0.9982995976008405
9.894472361809045,1.0018751159960009
9.899497487437186,1.0050240879153096
9.904522613065327,0.9982539770328992
9.909547738693467,0.9963727103970682
9.914572864321608,0.999873370319962
9.919597989949748,0.9992389533645093
9.924623115577889,1.0083606553743556
9.92964824120603,1.014171166155398
9.93467336683417,1.02169651137948
9.93969849246231,1.0224904506018626
9.944723618090451,1.0221051135323607
9.949748743718594,1.020605946118775
9.954773869346734,1.0184031360782428
9.959798994974875,1.0165750349467568
9.964824120603016,1.0131377379186899
9.969849246231156,1.0069580718669473
9.974874371859297,1.0017313224013713
9.979899497487438,0.9990926909701622
9.984924623115578,0.9934414489933465
9.989949748743719,1.004952775174038
9.99497487437186,1.0055139196634724
