1514764801,3,-0.910767,0.631714,0.259155
1514764801,3,-0.912964,0.692749,0.153442
1514764801,3,-0.907471,0.737793,0.085205
1514764801,3,-0.886475,0.776001,0.027344
1514764801,3,-0.851929,0.831177,-0.080933
1514764801,3,-0.855103,0.838257,-0.128174
1514764801,3,-0.859863,0.844116,-0.191162
1514764801,3,-0.873169,0.849121,-0.263550
1514764801,3,-0.917725,0.862305,-0.406982
1514764801,3,-0.921387,0.877930,-0.476929
1514764801,3,-0.905762,0.918091,-0.578979
1514764801,3,-0.889038,0.954224,-0.638306
1514764801,3,-0.864502,1.039307,-0.780518
1514764801,3,-0.857788,1.074097,-0.811157
1514764801,3,-0.864380,1.111206,-0.864868
1514764801,3,-0.867432,1.154175,-0.907349
1514764801,3,-0.909546,1.245239,-1.018555
1514764801,3,-0.934082,1.295288,-1.069580
1514764801,3,-0.901733,1.355225,-1.128784
1514764801,3,-0.606323,1.406372,-1.059570
1514764801,3,-0.386230,1.569702,-1.244629
1514764801,3,-0.650391,1.634277,-1.503174
1514764801,3,-0.986450,1.646362,-1.614258
1514764801,3,-1.237671,1.675049,-1.677856
1514764801,3,-1.206299,1.873291,-1.744629
1514764801,3,-1.004883,2.012939,-1.756958
1514764801,3,-0.781372,2.134277,-1.693359
1514764801,3,-0.602417,2.240601,-1.629272
1514764801,3,-0.505127,2.399414,-1.549072
1514764801,3,-0.557007,2.445312,-1.476807
1514764801,3,-0.639893,2.477539,-1.407715
1514764801,3,-0.704346,2.507568,-1.330322
1514764801,3,-0.783569,2.568604,-1.168335
1514764801,3,-0.794800,2.594482,-1.074829
1514764801,3,-0.812256,2.598389,-0.981567
1514764801,3,-0.855591,2.596191,-0.900146
1514764801,3,-0.912354,2.555542,-0.767090
1514764801,3,-0.918701,2.514160,-0.706543
1514764801,3,-0.912109,2.463501,-0.654785
1514764801,3,-0.894043,2.393799,-0.609863
1514764801,3,-0.974243,2.188354,-0.598022
1514764801,3,-1.020630,2.055542,-0.604126
1514764801,3,-1.067383,1.912354,-0.603882
1514764801,3,-1.141235,1.762817,-0.626465
1514764801,3,-1.368774,1.434204,-0.679077
1514764801,3,-1.435791,1.273071,-0.678467
1514764801,3,-1.544312,1.115234,-0.678345
1514764801,3,-1.583130,0.980835,-0.683838
1514764801,3,-1.578735,0.742310,-0.677856
1514764801,3,-1.520142,0.638794,-0.625366
1514764801,3,-1.473389,0.548706,-0.604736
1514764801,3,-1.445801,0.460693,-0.583496
1514764801,3,-1.394775,0.291260,-0.507568
1514764801,3,-1.405518,0.210083,-0.469849
1514764801,3,-1.418701,0.127319,-0.414185
1514764801,3,-1.474487,0.048950,-0.390991
1514764801,3,-1.576782,-0.101196,-0.306030
1514764801,3,-1.649658,-0.171875,-0.255371
1514764801,3,-1.734131,-0.241821,-0.204712
1514764801,3,-1.796753,-0.304565,-0.122925
1514764801,3,-1.919067,-0.405762,0.001709
1514764801,3,-1.987915,-0.450562,0.076416
1514764801,3,-2.056274,-0.486572,0.157715
1514764801,3,-2.169922,-0.510742,0.190552
1514764801,3,-2.358643,-0.560425,0.371338
1514764801,3,-2.493530,-0.580444,0.429810
1514764801,3,-2.663696,-0.593872,0.503174
1514764801,3,-2.821655,-0.589844,0.531006
1514764801,3,-3.197632,-0.592163,0.666382
1514764801,3,-3.300903,-0.583374,0.800659
1514764801,3,-3.365723,-0.561035,0.916138
1514764801,3,-3.354614,-0.528076,1.091187
1514764801,3,-3.159790,-0.382202,1.315186
1514764801,3,-2.991089,-0.296631,1.404297
1514764801,3,-2.794922,-0.227783,1.519531
1514764801,3,-2.620728,-0.149170,1.572876
1514764801,3,-2.276123,-0.109375,1.788818
1514764801,3,-2.095825,-0.081787,1.820557
1514764801,3,-1.948364,-0.068237,1.783691
1514764801,3,-1.777466,-0.091064,1.838257
1514764801,3,-1.597168,-0.169922,1.849609
1514764801,3,-1.523315,-0.234863,1.819702
1514764801,3,-1.405029,-0.333740,1.861084
1514764801,3,-1.283325,-0.446411,1.954346
1514764801,3,-1.195557,-0.608643,1.878662
1514764801,3,-1.178223,-0.667236,1.724609
1514764801,3,-1.147949,-0.767212,1.727539
1514764801,3,-1.018555,-0.813721,1.625000
1514764801,3,-0.864014,-0.898193,1.222412
1514764801,3,-0.945068,-1.024170,1.290649
1514764801,3,-1.080078,-1.141724,1.359497
1514764801,3,-1.190186,-1.213379,1.394897
1514764801,3,-1.197266,-1.191040,1.249512
1514764801,3,-1.127686,-1.134888,1.147339
1514764801,3,-1.074585,-1.086426,1.090820
1514764801,3,-1.053101,-1.043823,1.067993
1514764801,3,-1.108521,-0.935669,1.031494
1514764801,3,-1.141846,-0.867065,1.000854
1514764801,3,-1.178467,-0.778198,0.953247
1514764801,3,-1.209839,-0.691284,0.891968
1514764801,3,-1.194336,-0.420044,0.758179
1514764801,3,-1.166016,-0.328125,0.713867
1514764801,3,-1.123413,-0.246826,0.706299
1514764801,3,-1.115967,-0.185791,0.746582
1514764801,3,-1.280151,-0.021973,0.828125
1514764801,3,-1.281860,0.115234,0.751099
1514764801,3,-1.093384,0.253174,0.742065
1514764801,3,-0.877441,0.367920,0.763428
1514764801,3,-0.480469,0.536865,0.854858
1514764801,3,-0.398804,0.586426,0.850952
1514764801,3,-0.394165,0.604126,0.877319
1514764801,3,-0.406372,0.610229,0.833496
1514764801,3,-0.528076,0.550537,0.776001
1514764801,3,-0.590210,0.513062,0.717773
1514764801,3,-0.628174,0.484375,0.630859
1514764801,3,-0.609985,0.448608,0.580444
1514764801,3,-0.412720,0.409424,0.488403
1514764801,3,-0.301147,0.392578,0.437988
1514764801,3,-0.214966,0.366943,0.411377
1514764801,3,-0.137085,0.338379,0.392578
1514764801,3,0.024414,0.293457,0.330933
1514764801,3,0.102539,0.274292,0.313232
1514764801,3,0.166748,0.257080,0.317749
1514764801,3,0.220093,0.248779,0.324707
1514764801,3,0.296021,0.308960,0.235596
1514764801,3,0.348633,0.336792,0.236084
1514764801,3,0.413452,0.356323,0.269775
1514764801,3,0.452515,0.386353,0.272827
1514764801,3,0.484131,0.470093,0.201172
1514764801,3,0.472412,0.507446,0.149292
1514764801,3,0.442139,0.549561,0.071899
1514764801,3,0.405151,0.587280,-0.010498
1514764801,3,0.323120,0.628540,-0.102539
1514764801,3,0.278687,0.655396,-0.145508
1514764801,3,0.229126,0.688721,-0.188965
1514764801,3,0.201416,0.732056,-0.225586
1514764801,3,0.170166,0.831665,-0.288330
1514764801,3,0.167114,0.890869,-0.318115
1514764801,3,0.155884,0.952393,-0.341553
1514764801,3,0.120850,1.015137,-0.376343
1514764801,3,0.138428,1.155884,-0.386963
1514764801,3,0.094360,1.227539,-0.401489
1514764801,3,0.064697,1.305176,-0.408569
1514764801,3,0.063110,1.394043,-0.414185
1514764801,3,0.022583,1.563721,-0.427124
1514764801,3,-0.024902,1.639404,-0.425537
1514764801,3,-0.067993,1.713623,-0.419189
1514764801,3,-0.137573,1.794922,-0.440552
1514764801,3,-0.307251,1.957642,-0.516968
1514764801,3,-0.403687,2.037720,-0.556396
1514764801,3,-0.456543,2.117065,-0.568848
1514764801,3,-0.421509,2.181274,-0.531128
1514764801,3,-0.259033,2.384521,-0.573853
1514764801,3,-0.203369,2.470093,-0.610352
1514764801,3,-0.201050,2.511475,-0.590698
1514764801,3,-0.229614,2.538940,-0.560425
1514764801,3,-0.231445,2.576782,-0.532471
1514764801,3,-0.192627,2.586182,-0.528198
1514764801,3,-0.146851,2.584473,-0.510376
1514764801,3,-0.092285,2.569458,-0.500488
1514764801,3,-0.046387,2.503174,-0.509888
1514764801,3,-0.094604,2.439941,-0.549805
1514764801,3,-0.206543,2.354980,-0.598999
1514764801,3,-0.325439,2.255005,-0.642822
1514764801,3,-0.403442,2.070312,-0.708008
1514764801,3,-0.392334,1.983276,-0.725952
1514764801,3,-0.389038,1.883911,-0.733032
1514764801,3,-0.421753,1.774902,-0.750000
1514764801,3,-0.539673,1.516479,-0.743652
1514764801,3,-0.576416,1.398804,-0.741577
1514764801,3,-0.614258,1.298584,-0.801270
1514764801,3,-0.638062,1.189087,-0.809692
1514764801,3,-0.715698,0.959106,-0.773926
1514764801,3,-0.778809,0.846802,-0.767578
1514764801,3,-0.812744,0.740356,-0.713501
1514764801,3,-0.823608,0.656982,-0.697510
1514764801,3,-0.922607,0.475098,-0.623169
1514764801,3,-0.990845,0.376709,-0.566772
1514764801,3,-1.069092,0.287109,-0.543335
1514764801,3,-1.140503,0.204224,-0.516724
1514764801,3,-1.288208,0.027832,-0.398682
1514764801,3,-1.360962,-0.049194,-0.363647
1514764801,3,-1.431519,-0.123047,-0.323120
1514764801,3,-1.535889,-0.190552,-0.292480
1514764801,3,-1.879150,-0.405029,-0.148193
1514764801,3,-2.040283,-0.475220,-0.109375
1514764801,3,-2.197388,-0.544678,-0.032104
1514764801,3,-2.363770,-0.603394,0.023071
1514764801,3,-2.723389,-0.698608,0.153076
1514764801,3,-2.807617,-0.723877,0.277710
1514764801,3,-2.901978,-0.732788,0.355469
1514764801,3,-2.928345,-0.739258,0.519897
1514764801,3,-2.942871,-0.684448,0.717163
1514764801,3,-2.939697,-0.651123,0.832153
1514764801,3,-2.933350,-0.609985,0.931763
1514764801,3,-2.909424,-0.557129,1.006836
1514764801,3,-2.907715,-0.490479,1.188477
1514764801,3,-2.898071,-0.474243,1.333984
1514764802,3,-2.838745,-0.436646,1.452026
1514764802,3,-2.789062,-0.369995,1.483643
1514764802,3,-2.680786,-0.285889,1.697876
1514764802,3,-2.524658,-0.286865,1.927734
1514764802,3,-2.296631,-0.285522,2.126343
1514764802,3,-2.065918,-0.323242,2.366333
1514764802,3,-1.666626,-0.324951,2.515625
1514764802,3,-1.481079,-0.380981,2.580200
1514764802,3,-1.347900,-0.455078,2.588867
1514764802,3,-1.285278,-0.554932,2.632202
1514764802,3,-1.236938,-0.670776,2.342163
1514764802,3,-1.178101,-0.731812,2.148926
1514764802,3,-1.190796,-0.793091,1.967651
1514764802,3,-1.258423,-0.823975,1.668213
1514764802,3,-1.287109,-0.913818,1.331299
1514764802,3,-1.337524,-0.920898,1.128418
1514764802,3,-1.345337,-0.908203,0.953979
1514764802,3,-1.316406,-0.885010,0.830688
1514764802,3,-1.208130,-0.859985,0.714722
1514764802,3,-1.184326,-0.855103,0.715942
1514764802,3,-1.182617,-0.841064,0.701904
1514764802,3,-1.198364,-0.820435,0.675293
1514764802,3,-1.251343,-0.751953,0.611450
1514764802,3,-1.280884,-0.712280,0.570923
1514764802,3,-1.312988,-0.672485,0.540894
1514764802,3,-1.330566,-0.636230,0.526611
1514764802,3,-1.594360,-0.585815,0.519775
1514764802,3,-1.699829,-0.534302,0.519897
1514764802,3,-1.712524,-0.443970,0.490845
1514764802,3,-1.636230,-0.333252,0.467529
1514764802,3,-1.294800,-0.090576,0.529907
1514764802,3,-1.159180,0.055420,0.495972
1514764802,3,-0.962891,0.171753,0.523560
1514764802,3,-0.774902,0.254761,0.644897
1514764802,3,-0.523804,0.430420,0.758179
1514764802,3,-0.315552,0.479614,0.847900
1514764802,3,-0.223511,0.519165,0.924316
1514764802,3,-0.194702,0.549561,0.920044
1514764802,3,-0.241211,0.558960,0.832886
1514764802,3,-0.352051,0.546631,0.770508
1514764802,3,-0.400269,0.542236,0.687866
1514764802,3,-0.416138,0.539429,0.643677
1514764802,3,-0.428711,0.563477,0.597778
1514764802,3,-0.394531,0.601074,0.529175
1514764802,3,-0.369019,0.616821,0.502075
1514764802,3,-0.385864,0.625244,0.500977
1514764802,3,-0.475464,0.676270,0.367920
1514764802,3,-0.467773,0.727661,0.293091
1514764802,3,-0.455078,0.770996,0.218750
1514764802,3,-0.397461,0.809448,0.208496
1514764802,3,-0.186157,0.882812,0.192749
1514764802,3,-0.090088,0.908936,0.193481
1514764802,3,-0.004028,0.928833,0.186401
1514764802,3,0.049438,0.939331,0.146484
1514764802,3,0.044922,0.943848,0.064209
1514764802,3,0.023315,0.944824,0.025269
1514764802,3,0.015381,0.955933,-0.030762
1514764802,3,0.024658,0.973511,-0.067139
1514764802,3,0.156128,1.051514,-0.119629
1514764802,3,0.303711,1.104492,-0.124268
1514764802,3,0.449707,1.154297,-0.103394
1514764802,3,0.551147,1.217529,-0.158447
1514764802,3,0.542969,1.305176,-0.347534
1514764802,3,0.489136,1.317017,-0.403198
1514764802,3,0.420288,1.335815,-0.471924
1514764802,3,0.319702,1.349365,-0.534424
1514764802,3,0.140259,1.394653,-0.639404
1514764802,3,0.065186,1.435303,-0.677734
1514764802,3,0.044312,1.487915,-0.691650
1514764802,3,0.066284,1.557251,-0.696167
1514764802,3,0.219849,1.711426,-0.648804
1514764802,3,0.316650,1.780518,-0.604858
1514764802,3,0.403809,1.850220,-0.567017
1514764802,3,0.454590,1.905762,-0.543701
1514764802,3,0.444214,1.980347,-0.499878
1514764802,3,0.411865,2.005615,-0.498047
1514764802,3,0.346191,2.025757,-0.483032
1514764802,3,0.274170,2.027588,-0.497681
1514764802,3,0.139282,2.013184,-0.483765
1514764802,3,0.104248,2.015503,-0.454346
1514764802,3,0.092407,2.022583,-0.415405
1514764802,3,0.096191,2.030884,-0.365723
1514764802,3,0.129517,2.054077,-0.271484
1514764802,3,0.137939,2.055298,-0.233887
1514764802,3,0.131226,2.037598,-0.206299
1514764802,3,0.096191,2.004883,-0.199951
1514764802,3,-0.051392,1.877686,-0.226685
1514764802,3,-0.134155,1.789551,-0.249023
1514764802,3,-0.197266,1.685303,-0.277710
1514764802,3,-0.237427,1.572754,-0.290161
1514764802,3,-0.297119,1.340088,-0.306152
1514764802,3,-0.342773,1.217163,-0.323486
1514764802,3,-0.410889,1.093872,-0.350830
1514764802,3,-0.489380,0.965332,-0.365845
1514764802,3,-0.641113,0.718750,-0.391479
1514764802,3,-0.712769,0.604370,-0.392334
1514764802,3,-0.763062,0.489258,-0.370483
1514764802,3,-0.800781,0.388672,-0.367920
1514764802,3,-0.892090,0.194946,-0.338989
1514764802,3,-0.978638,0.097412,-0.334717
1514764802,3,-1.088379,-0.000977,-0.322021
1514764802,3,-1.198853,-0.098999,-0.300781
1514764802,3,-1.441040,-0.282349,-0.234131
1514764802,3,-1.537598,-0.355103,-0.178345
1514764802,3,-1.630371,-0.415894,-0.138062
1514764802,3,-1.729736,-0.476685,-0.068970
1514764802,3,-1.937866,-0.568604,0.089355
1514764802,3,-2.047363,-0.602539,0.171997
1514764802,3,-2.163940,-0.619995,0.240601
1514764802,3,-2.221069,-0.624390,0.319702
1514764802,3,-2.425171,-0.645874,0.516235
1514764802,3,-2.498291,-0.640747,0.640137
1514764802,3,-2.542603,-0.615112,0.696655
1514764802,3,-2.586914,-0.598022,0.814697
1514764802,3,-2.608032,-0.541748,1.012207
1514764802,3,-2.593140,-0.507324,1.109619
1514764802,3,-2.542480,-0.462524,1.186279
1514764802,3,-2.492065,-0.404419,1.221802
1514764802,3,-2.342896,-0.349243,1.427979
1514764802,3,-2.262573,-0.313477,1.506226
1514764802,3,-2.150269,-0.270508,1.521851
1514764802,3,-2.023438,-0.244385,1.606934
1514764802,3,-1.886353,-0.220459,1.714478
1514764802,3,-1.834717,-0.205200,1.719727
1514764802,3,-1.725586,-0.218750,1.804932
1514764802,3,-1.633545,-0.255981,1.925171
1514764802,3,-1.427124,-0.333008,2.057007
1514764802,3,-1.365356,-0.373901,2.081177
1514764802,3,-1.282104,-0.414917,2.076538
1514764802,3,-1.204956,-0.458618,2.041626
1514764802,3,-1.119873,-0.535645,1.853271
1514764802,3,-1.151489,-0.578857,1.759888
1514764802,3,-1.162109,-0.612061,1.645508
1514764802,3,-1.151489,-0.630493,1.507690
1514764802,3,-1.112427,-0.639282,1.314697
1514764802,3,-1.060181,-0.625122,1.233032
1514764802,3,-1.009155,-0.614624,1.196045
1514764802,3,-0.991089,-0.610107,1.165894
1514764802,3,-1.044556,-0.585571,1.097290
1514764802,3,-1.112549,-0.566284,1.047485
1514764802,3,-1.202026,-0.543213,0.985107
1514764802,3,-1.286377,-0.512817,0.923340
1514764802,3,-1.435791,-0.437500,0.815918
1514764802,3,-1.540405,-0.398438,0.766724
1514764802,3,-1.668213,-0.369995,0.742432
1514764802,3,-1.715576,-0.323975,0.754883
1514764802,3,-1.652954,-0.158081,0.663574
1514764802,3,-1.566772,-0.080078,0.650024
1514764802,3,-1.463379,-0.007935,0.625610
1514764802,3,-1.366943,0.054321,0.583130
1514764802,3,-1.225220,0.098511,0.620117
1514764802,3,-1.172363,0.117188,0.627808
1514764802,3,-1.123535,0.146484,0.610229
1514764802,3,-1.057373,0.194946,0.590820
1514764802,3,-0.940063,0.342651,0.487305
1514764802,3,-0.758545,0.432007,0.482910
1514764802,3,-0.594238,0.490479,0.546387
1514764802,3,-0.427124,0.529053,0.674438
1514764802,3,-0.226318,0.638306,0.682495
1514764802,3,-0.177979,0.660034,0.686890
1514764802,3,-0.200684,0.675049,0.640381
1514764802,3,-0.271240,0.696899,0.502319
1514764802,3,-0.431152,0.693970,0.283447
1514764802,3,-0.526001,0.679688,0.205444
1514764802,3,-0.606689,0.666016,0.133911
1514764802,3,-0.657349,0.689575,0.027832
1514764802,3,-0.602539,0.758179,-0.133911
1514764802,3,-0.540894,0.781982,-0.123413
1514764802,3,-0.477905,0.821167,-0.132446
1514764802,3,-0.421875,0.875977,-0.154297
1514764802,3,-0.310547,1.005371,-0.215942
1514764802,3,-0.235229,1.075073,-0.231445
1514764802,3,-0.159180,1.142456,-0.245483
1514764802,3,-0.097168,1.202637,-0.253662
1514764802,3,-0.035767,1.289185,-0.264404
1514764802,3,-0.020508,1.321289,-0.264771
1514764802,3,-0.064819,1.376587,-0.371826
1514764802,3,-0.119385,1.426880,-0.498657
1514764802,3,-0.241943,1.474609,-0.596069
1514764802,3,-0.281250,1.502197,-0.608398
1514764802,3,-0.280884,1.554077,-0.643921
1514764802,3,-0.309570,1.608154,-0.670776
1514764802,3,-0.177002,1.778076,-0.701416
1514764802,3,-0.064087,1.851318,-0.646240
1514764802,3,0.072998,1.918579,-0.552979
1514764802,3,0.162842,1.986572,-0.543579
1514764802,3,0.289307,2.072144,-0.386353
1514764802,3,0.319824,2.131714,-0.401001
1514764802,3,0.341919,2.177490,-0.430176
1514764802,3,0.322632,2.192627,-0.409668
1514764802,3,0.141479,2.207031,-0.467896
1514764802,3,0.056030,2.207275,-0.494385
1514764802,3,-0.024536,2.199829,-0.503662
1514764802,3,-0.069092,2.197510,-0.506470
1514764802,3,-0.132324,2.198486,-0.501587
1514764802,3,-0.130737,2.205811,-0.498291
1514764802,3,-0.105835,2.201538,-0.475830
1514764802,3,-0.061890,2.188599,-0.432739
1514764802,3,0.003540,2.146118,-0.388306
1514764803,3,-0.008667,2.102539,-0.402100
1514764803,3,-0.051147,2.037842,-0.404053
1514764803,3,-0.117432,1.944458,-0.396118
1514764803,3,-0.303833,1.741943,-0.463135
1514764803,3,-0.367065,1.625732,-0.480469
1514764803,3,-0.430664,1.500000,-0.487305
1514764803,3,-0.479126,1.371338,-0.484253
1514764803,3,-0.535889,1.131714,-0.489502
1514764803,3,-0.552734,1.020630,-0.498413
1514764803,3,-0.591797,0.906494,-0.503052
1514764803,3,-0.661987,0.788330,-0.509644
1514764803,3,-0.847046,0.553223,-0.516968
1514764803,3,-0.939697,0.448486,-0.515015
1514764803,3,-1.018921,0.349365,-0.500977
1514764803,3,-1.095337,0.249146,-0.463989
1514764803,3,-1.277100,0.064209,-0.424927
1514764803,3,-1.389526,-0.030762,-0.393311
1514764803,3,-1.493530,-0.122925,-0.341431
1514764803,3,-1.588013,-0.202148,-0.292603
1514764803,3,-1.761963,-0.344604,-0.170288
1514764803,3,-1.862427,-0.413086,-0.083008
1514764803,3,-1.983887,-0.458740,-0.044189
1514764803,3,-2.106079,-0.506104,0.009521
1514764803,3,-2.375977,-0.585083,0.149292
1514764803,3,-2.483154,-0.616333,0.239258
1514764803,3,-2.578003,-0.637939,0.347656
1514764803,3,-2.691040,-0.653931,0.442139
1514764803,3,-2.856323,-0.668579,0.669922
1514764803,3,-2.902466,-0.654175,0.782104
1514764803,3,-2.923950,-0.623413,0.871460
1514764803,3,-2.908325,-0.598633,0.997437
1514764803,3,-2.773682,-0.513550,1.267700
1514764803,3,-2.667725,-0.446045,1.339478
1514764803,3,-2.526733,-0.384521,1.439819
1514764803,3,-2.364502,-0.325195,1.538696
1514764803,3,-2.071045,-0.238159,1.676025
1514764803,3,-1.985596,-0.209473,1.707031
1514764803,3,-1.911987,-0.206909,1.753784
1514764803,3,-1.872559,-0.212891,1.809326
1514764803,3,-1.913452,-0.180664,1.771118
1514764803,3,-1.806763,-0.230225,1.935913
1514764803,3,-1.619995,-0.285034,2.130249
1514764803,3,-1.465698,-0.320923,2.214478
1514764803,3,-1.303711,-0.354004,2.202881
1514764803,3,-1.238647,-0.377563,2.115479
1514764803,3,-1.211548,-0.420410,2.033325
1514764803,3,-1.223999,-0.477661,1.959106
1514764803,3,-1.273804,-0.554077,1.629028
1514764803,3,-1.283813,-0.586914,1.491821
1514764803,3,-1.287720,-0.599609,1.345581
1514764803,3,-1.263794,-0.616211,1.188232
1514764803,3,-1.253418,-0.705933,1.106323
1514764803,3,-1.287720,-0.741821,1.050537
1514764803,3,-1.345947,-0.768555,0.979858
1514764803,3,-1.413330,-0.777588,0.906250
1514764803,3,-1.489868,-0.743164,0.733643
1514764803,3,-1.496582,-0.716553,0.671631
1514764803,3,-1.470825,-0.640015,0.587891
1514764803,3,-1.452393,-0.600708,0.561157
1514764803,3,-1.389526,-0.510620,0.528442
1514764803,3,-1.367188,-0.459839,0.503052
1514764803,3,-1.346680,-0.405151,0.473389
1514764803,3,-1.320190,-0.348267,0.442139
1514764803,3,-1.279541,-0.231812,0.401855
1514764803,3,-1.293335,-0.171509,0.393066
1514764803,3,-1.321289,-0.099487,0.357788
1514764803,3,-1.315674,-0.007935,0.318604
1514764803,3,-1.244507,0.171265,0.288452
1514764803,3,-1.191895,0.263550,0.291504
1514764803,3,-1.145142,0.350098,0.277588
1514764803,3,-1.088501,0.430786,0.284058
1514764803,3,-0.977295,0.551392,0.315186
1514764803,3,-0.924683,0.609985,0.418335
1514764803,3,-0.807373,0.763550,0.118774
1514764803,3,-0.632812,0.751587,0.128540
1514764803,3,-0.924438,0.753418,0.229248
1514764803,3,-0.861694,0.865356,-0.020630
1514764803,3,-0.809692,0.903687,0.005737
1514764803,3,-0.760864,0.937988,0.009033
1514764803,3,-0.515137,1.024780,0.114258
1514764803,3,-0.416504,1.103882,0.068481
1514764803,3,-0.300415,1.178833,0.050415
1514764803,3,-0.282349,1.223755,0.062744
1514764803,3,-0.251465,1.337891,0.110352
1514764803,3,-0.169312,1.418213,0.107788
1514764803,3,-0.166260,1.485718,0.116821
1514764803,3,-0.091064,1.555420,0.160522
1514764803,3,-0.041504,1.680664,0.136475
1514764803,3,-0.049194,1.720581,0.130005
1514764803,3,-0.068115,1.752075,0.084106
1514764803,3,-0.101196,1.764038,0.054565
1514764803,3,-0.174805,1.763062,0.002197
1514764803,3,-0.147095,1.767944,-0.039185
1514764803,3,-0.056763,1.772339,-0.061523
1514764803,3,0.058105,1.767700,-0.078735
1514764803,3,0.234619,1.716797,-0.082520
1514764803,3,0.274658,1.674683,-0.109375
1514764803,3,0.279663,1.627686,-0.141846
1514764803,3,0.251587,1.576538,-0.191284
1514764803,3,0.194946,1.497925,-0.292847
1514764803,3,0.184692,1.465454,-0.317505
1514764803,3,0.165039,1.442383,-0.324951
1514764803,3,0.161499,1.433716,-0.315796
1514764803,3,0.208008,1.484009,-0.308105
1514764803,3,0.228394,1.517822,-0.272217
1514764803,3,0.239380,1.565552,-0.242065
1514764803,3,0.270264,1.615479,-0.207520
1514764803,3,0.296387,1.729980,-0.142212
1514764803,3,0.285278,1.774170,-0.122925
1514764803,3,0.235596,1.809692,-0.110107
1514764803,3,0.172607,1.836914,-0.120483
1514764803,3,0.081421,1.860962,-0.141602
1514764803,3,0.057007,1.852173,-0.123291
1514764803,3,0.049561,1.834351,-0.114868
1514764803,3,0.078125,1.818481,-0.132690
1514764803,3,0.165405,1.744751,-0.142456
1514764803,3,0.180420,1.680176,-0.142212
1514764803,3,0.175171,1.612305,-0.160889
1514764803,3,0.141968,1.530518,-0.189941
1514764803,3,-0.030762,1.343750,-0.254028
1514764803,3,-0.095337,1.264404,-0.279663
1514764803,3,-0.118164,1.197754,-0.311890
1514764803,3,-0.114624,1.136963,-0.335938
1514764803,3,-0.099121,1.022705,-0.332520
1514764803,3,-0.087646,0.965942,-0.323608
1514764803,3,-0.078491,0.913452,-0.323486
1514764803,3,-0.062256,0.860840,-0.316040
1514764803,3,-0.051636,0.740234,-0.310913
1514764803,3,-0.072510,0.673218,-0.322998
1514764803,3,-0.101685,0.598999,-0.335938
1514764803,3,-0.147949,0.519653,-0.360596
1514764803,3,-0.300415,0.337402,-0.403564
1514764803,3,-0.408081,0.240112,-0.434082
1514764803,3,-0.513306,0.145508,-0.451172
1514764803,3,-0.589478,0.055664,-0.460083
1514764803,3,-0.751587,-0.115479,-0.439087
1514764803,3,-0.843506,-0.190430,-0.419556
1514764803,3,-0.943848,-0.265747,-0.401611
1514764803,3,-1.043457,-0.337402,-0.366455
1514764803,3,-1.255615,-0.450806,-0.284790
1514764803,3,-1.359009,-0.502563,-0.222168
1514764803,3,-1.445801,-0.542236,-0.153442
1514764803,3,-1.547119,-0.568115,-0.105713
1514764803,3,-1.790771,-0.613403,0.037964
1514764803,3,-1.925903,-0.624634,0.113892
1514764803,3,-2.047729,-0.620850,0.196045
1514764803,3,-2.155273,-0.605835,0.281006
1514764803,3,-2.352905,-0.545166,0.461182
1514764803,3,-2.473022,-0.501953,0.537842
1514764803,3,-2.715820,-0.408325,0.726196
1514764803,3,-2.841797,-0.353149,0.807739
1514764803,3,-3.025146,-0.223999,0.972656
1514764803,3,-3.069824,-0.153198,1.071167
1514764803,3,-3.080078,-0.084351,1.159912
1514764803,3,-3.041504,-0.009033,1.251587
1514764803,3,-2.845581,0.126221,1.441895
1514764803,3,-2.715088,0.177979,1.532959
1514764803,3,-2.558838,0.214233,1.634644
1514764803,3,-2.384888,0.253174,1.700195
1514764803,3,-2.015259,0.283813,1.781982
1514764803,3,-1.865479,0.253174,1.825317
1514764803,3,-1.716431,0.212646,1.884766
1514764803,3,-1.625854,0.174561,1.791870
1514764803,3,-1.518311,0.018799,1.677734
1514764803,3,-1.495605,-0.084595,1.629639
1514764803,3,-1.505737,-0.192261,1.555054
1514764803,3,-1.519409,-0.299683,1.501587
1514764803,3,-1.585205,-0.482666,1.363525
1514764803,3,-1.589233,-0.553101,1.352783
1514764803,3,-1.593506,-0.600708,1.247681
1514764803,3,-1.572754,-0.640625,1.164551
1514764803,3,-1.552368,-0.693604,1.033447
1514764803,3,-1.517456,-0.712524,0.924805
1514764803,3,-1.231323,-0.750732,1.109131
1514764803,3,-1.439575,-0.663818,0.738647
1514764803,3,-1.497559,-0.600586,0.283081
1514764803,3,-1.482422,-0.681030,0.476074
1514764803,3,-1.550781,-0.693237,0.483521
1514764803,3,-1.548706,-0.636353,0.376221
1514764803,3,-1.342285,-0.514893,0.224243
1514764803,3,-1.183594,-0.464600,0.224487
1514764803,3,-1.036743,-0.427124,0.225586
1514764803,3,-0.954590,-0.402222,0.223999
1514764803,3,-0.896973,-0.363159,0.146484
1514764803,3,-0.953003,-0.371094,0.133789
1514764803,3,-1.083374,-0.375122,0.108032
1514764803,3,-1.236084,-0.322388,0.009888
1514764803,3,-1.028809,-0.128662,-0.091309
1514764803,3,-0.833618,-0.083740,0.069946
1514764803,3,-0.732666,-0.011597,0.122314
1514764803,3,-0.678223,0.081543,0.052002
1514764803,3,-0.851440,0.230225,-0.116821
1514764803,3,-0.996826,0.288330,-0.176514
1514764803,3,-1.158813,0.373047,-0.280518
1514764803,3,-1.291016,0.476196,-0.398682
1514764803,3,-1.488037,0.684204,-0.479492
1514764803,3,-1.559570,0.798828,-0.466431
1514764803,3,-1.621704,0.931274,-0.481689
1514764803,3,-1.599365,1.083130,-0.495972
1514764804,3,-1.538818,1.366089,-0.471069
1514764804,3,-1.512451,1.479614,-0.441284
1514764804,3,-1.432129,1.602417,-0.439697
1514764804,3,-1.361328,1.697876,-0.425537
1514764804,3,-1.312378,1.838013,-0.339111
1514764804,3,-1.257935,1.916870,-0.365845
1514764804,3,-1.241333,1.967041,-0.343262
1514764804,3,-1.190308,2.023071,-0.346313
1514764804,3,-1.053711,2.110474,-0.288574
1514764804,3,-0.980469,2.157104,-0.265991
1514764804,3,-0.901978,2.208496,-0.274292
1514764804,3,-0.864868,2.241455,-0.276123
1514764804,3,-0.934448,2.239258,-0.199707
1514764804,3,-0.972168,2.261963,-0.202637
1514764804,3,-0.975098,2.288574,-0.222534
1514764804,3,-0.983154,2.304932,-0.208862
1514764804,3,-0.862061,2.347290,-0.179199
1514764804,3,-0.786133,2.354858,-0.171143
1514764804,3,-0.721436,2.335815,-0.125000
1514764804,3,-0.674438,2.316040,-0.101929
1514764804,3,-0.626343,2.250244,-0.124512
1514764804,3,-0.607544,2.194336,-0.124634
1514764804,3,-0.606567,2.136841,-0.140869
1514764804,3,-0.613403,2.073242,-0.176147
1514764804,3,-0.657349,1.920410,-0.189087
1514764804,3,-0.708496,1.850952,-0.214844
1514764804,3,-0.729370,1.787109,-0.227905
1514764804,3,-0.754639,1.720825,-0.205444
1514764804,3,-0.768677,1.620117,-0.176880
1514764804,3,-0.769043,1.570923,-0.136108
1514764804,3,-0.790039,1.528320,-0.119873
1514764804,3,-0.806519,1.483276,-0.091675
1514764804,3,-0.786621,1.413574,-0.002930
1514764804,3,-0.756470,1.391724,0.005859
1514764804,3,-0.711060,1.370728,0.012085
1514764804,3,-0.550049,1.329224,0.077515
1514764804,3,-0.372437,1.264526,-0.010498
1514764804,3,-0.386108,1.216797,-0.134155
1514764804,3,-0.458252,1.008057,-0.116943
1514764804,3,-0.471802,0.916382,-0.145508
1514764804,3,-0.560059,0.753052,-0.248413
1514764804,3,-0.574341,0.677612,-0.281860
1514764804,3,-0.556274,0.610840,-0.308960
1514764804,3,-0.512329,0.549438,-0.311157
1514764804,3,-0.371460,0.447266,-0.302856
1514764804,3,-0.316528,0.397461,-0.323853
1514764804,3,-0.293335,0.343140,-0.327026
1514764804,3,-0.298340,0.278320,-0.338013
1514764804,3,-0.388428,0.154175,-0.367554
1514764804,3,-0.461426,0.089233,-0.371826
1514764804,3,-0.526367,0.032227,-0.369629
1514764804,3,-0.630981,-0.025513,-0.360474
1514764804,3,-0.760864,-0.109131,-0.311768
1514764804,3,-0.815796,-0.144287,-0.287720
1514764804,3,-0.873657,-0.174316,-0.242310
1514764804,3,-0.896729,-0.195801,-0.206909
1514764804,3,-1.049194,-0.263794,-0.107788
1514764804,3,-1.131714,-0.292725,-0.071533
1514764804,3,-1.197021,-0.312988,-0.060303
1514764804,3,-1.255615,-0.337891,-0.028687
1514764804,3,-1.592163,-0.452759,0.113770
1514764804,3,-1.725342,-0.494995,0.164795
1514764804,3,-1.843750,-0.537964,0.198853
1514764804,3,-1.983765,-0.582520,0.263916
1514764804,3,-2.299805,-0.602661,0.244629
1514764804,3,-2.443481,-0.603149,0.282959
1514764804,3,-2.505859,-0.603638,0.391846
1514764804,3,-2.522339,-0.579346,0.506104
1514764804,3,-2.363647,-0.481934,0.785889
1514764804,3,-2.254272,-0.423584,0.913696
1514764804,3,-2.161621,-0.365845,1.019043
1514764804,3,-2.085693,-0.315063,1.103027
1514764804,3,-2.026611,-0.237305,1.170166
1514764804,3,-2.047729,-0.225098,1.192627
1514764804,3,-2.058105,-0.241577,1.278198
1514764804,3,-2.048950,-0.260010,1.371948
1514764804,3,-1.929199,-0.271362,1.480103
1514764804,3,-1.827637,-0.278076,1.530151
1514764804,3,-1.717896,-0.276978,1.565796
1514764804,3,-1.618652,-0.273315,1.552856
1514764804,3,-1.438843,-0.321655,1.602661
1514764804,3,-1.377930,-0.360107,1.606201
1514764804,3,-1.331421,-0.398926,1.589111
1514764804,3,-1.297729,-0.439575,1.558472
1514764804,3,-1.242676,-0.519287,1.529541
1514764804,3,-1.239258,-0.536133,1.472290
1514764804,3,-1.228394,-0.544678,1.363647
1514764804,3,-1.208740,-0.560669,1.302612
1514764804,3,-1.175171,-0.596069,1.217407
1514764804,3,-1.177979,-0.608643,1.173462
1514764804,3,-1.205322,-0.624634,1.130127
1514764804,3,-1.251221,-0.631226,1.073730
1514764804,3,-1.437744,-0.628784,0.937134
1514764804,3,-1.526489,-0.618530,0.890259
1514764804,3,-1.615601,-0.585205,0.823975
1514764804,3,-1.674072,-0.535889,0.757568
1514764804,3,-1.672363,-0.394897,0.661499
1514764804,3,-1.705566,-0.317383,0.610840
1514764804,3,-1.706177,-0.242065,0.588623
1514764804,3,-1.677979,-0.164917,0.583618
1514764804,3,-1.606934,-0.003296,0.524292
1514764804,3,-1.516235,0.072632,0.511719
1514764804,3,-1.359131,0.119629,0.595093
1514764804,3,-1.365845,0.231567,0.557739
1514764804,3,-1.065430,0.498657,0.227905
1514764804,3,-0.840942,0.525879,0.397705
1514764804,3,-0.681519,0.566284,0.427002
1514764804,3,-0.614136,0.591309,0.421875
1514764804,3,-0.669067,0.622437,0.350220
1514764804,3,-0.762939,0.635376,0.266968
1514764804,3,-0.788574,0.647705,0.229126
1514764804,3,-0.687988,0.698120,0.132812
1514764804,3,-0.234375,0.713745,0.132935
1514764804,3,-0.081543,0.636353,0.212646
1514764804,3,-0.071655,0.548096,0.192139
1514764804,3,-0.202026,0.458252,0.066162
1514764804,3,-0.554565,0.291504,-0.178833
1514764804,3,-0.665283,0.247803,-0.257935
1514764804,3,-0.691040,0.238159,-0.313477
1514764804,3,-0.609619,0.275513,-0.305664
1514764804,3,-0.276611,0.453857,-0.238159
1514764804,3,-0.077148,0.571899,-0.178833
1514764804,3,0.097656,0.701782,-0.095337
1514764804,3,0.260620,0.835693,-0.034058
1514764804,3,0.442871,1.170654,0.082642
1514764804,3,0.348145,1.236572,0.117310
1514764804,3,0.188477,1.293823,0.103271
1514764804,3,0.045044,1.348145,0.088501
1514764804,3,-0.221802,1.467285,0.013794
1514764804,3,-0.209595,1.520752,0.016846
1514764804,3,-0.281616,1.556396,0.028076
1514764804,3,-0.298096,1.601929,0.073853
1514764804,3,-0.189819,1.749512,0.028809
1514764804,3,-0.107788,1.793335,0.062744
1514764804,3,0.003784,1.834229,0.091431
1514764804,3,0.082520,1.856689,0.107910
1514764804,3,-0.093262,1.833618,0.133789
1514764804,3,-0.135010,1.849121,0.092651
1514764804,3,-0.171753,1.852905,0.076416
1514764804,3,-0.204956,1.862427,0.081787
1514764804,3,-0.221680,1.898926,0.056885
1514764804,3,-0.252808,1.899780,0.112183
1514764804,3,-0.297607,1.914795,0.134766
1514764804,3,-0.294312,1.949951,0.129150
1514764804,3,-0.314331,2.003296,0.149536
1514764804,3,-0.287598,2.013428,0.180542
1514764804,3,-0.247070,2.025635,0.193604
1514764804,3,-0.180420,2.044434,0.169678
1514764804,3,-0.103271,2.031738,0.071777
1514764804,3,-0.102051,1.991089,0.041382
1514764804,3,-0.116455,1.939209,-0.003784
1514764804,3,-0.166992,1.886841,-0.085083
1514764804,3,-0.255737,1.754272,-0.192383
1514764804,3,-0.254028,1.687012,-0.177124
1514764804,3,-0.231689,1.639893,-0.182373
1514764804,3,-0.197632,1.597290,-0.186646
1514764804,3,-0.152588,1.498657,-0.167236
1514764804,3,-0.152954,1.443115,-0.164429
1514764804,3,-0.177612,1.384766,-0.181763
1514764804,3,-0.213379,1.326294,-0.199463
1514764804,3,-0.196777,1.226929,-0.221802
1514764804,3,-0.144653,1.182617,-0.225220
1514764804,3,-0.107544,1.134277,-0.241455
1514764804,3,-0.095215,1.079956,-0.261963
1514764804,3,-0.150879,0.934570,-0.324707
1514764804,3,-0.195679,0.847534,-0.359131
1514764804,3,-0.238281,0.758057,-0.379272
1514764804,3,-0.297363,0.662964,-0.400635
1514764804,3,-0.484985,0.463257,-0.430664
1514764804,3,-0.568115,0.374634,-0.431641
1514764804,3,-0.620483,0.290405,-0.427734
1514764804,3,-0.682495,0.208008,-0.412842
1514764804,3,-0.787842,0.055176,-0.342163
1514764804,3,-0.837402,-0.008545,-0.338257
1514764804,3,-0.902100,-0.077881,-0.307861
1514764804,3,-0.974243,-0.147705,-0.278076
1514764804,3,-1.201416,-0.282227,-0.259033
1514764804,3,-1.269287,-0.340820,-0.237061
1514764804,3,-1.356812,-0.396606,-0.233032
1514764804,3,-1.482666,-0.464355,-0.198608
1514764804,3,-1.761108,-0.586670,-0.125610
1514764804,3,-1.896973,-0.633423,-0.078369
1514764804,3,-2.028320,-0.676758,-0.025879
1514764804,3,-2.144653,-0.718750,0.072021
1514764804,3,-2.339844,-0.754395,0.202759
1514764804,3,-2.448364,-0.752930,0.258179
1514764804,3,-2.594849,-0.748047,0.329346
1514764804,3,-2.654663,-0.722778,0.432983
1514764804,3,-2.731445,-0.642334,0.641968
1514764804,3,-2.723267,-0.579590,0.752930
1514764804,3,-2.684814,-0.504272,0.860107
1514764804,3,-2.647217,-0.429565,0.970581
1514764804,3,-2.543701,-0.278320,1.180908
1514764804,3,-2.475830,-0.212280,1.294434
1514764804,3,-2.376221,-0.149658,1.386963
1514764804,3,-2.249634,-0.089844,1.472290
1514764804,3,-2.030029,-0.011597,1.644897
1514764804,3,-1.908325,0.012329,1.733643
1514764804,3,-1.771118,0.016968,1.796021
1514764805,3,-1.612305,0.004272,1.892822
1514764805,3,-1.378540,-0.051147,1.983887
1514764805,3,-1.311523,-0.092163,1.990112
1514764805,3,-1.246582,-0.138672,1.956177
1514764805,3,-1.223145,-0.187256,1.874878
1514764805,3,-1.213989,-0.334717,1.782959
1514764805,3,-1.255371,-0.398193,1.657959
1514764805,3,-1.311279,-0.464233,1.571899
1514764805,3,-1.353394,-0.519165,1.481079
1514764805,3,-1.421265,-0.574951,1.231445
1514764805,3,-1.481445,-0.587891,1.091309
1514764805,3,-1.553711,-0.611206,0.991211
1514764805,3,-1.623413,-0.632202,0.952759
1514764805,3,-1.663574,-0.593018,0.779541
1514764805,3,-1.643555,-0.559448,0.703369
1514764805,3,-1.643799,-0.527954,0.660034
1514764805,3,-1.656982,-0.495972,0.609741
1514764805,3,-1.686523,-0.369141,0.514038
1514764805,3,-1.660034,-0.305908,0.511353
1514764805,3,-1.610596,-0.228149,0.469727
1514764805,3,-1.453491,-0.152344,0.544189
1514764805,3,-1.351929,0.145264,0.270874
1514764805,3,-1.274292,0.246216,0.221802
1514764805,3,-1.134399,0.314575,0.328369
1514764805,3,-0.965210,0.420776,0.303345
1514764805,3,-0.570190,0.586182,0.449219
1514764805,3,-0.427368,0.669189,0.463257
1514764805,3,-0.362915,0.737549,0.440918
1514764805,3,-0.350098,0.777832,0.444458
1514764805,3,-0.322266,0.826050,0.408081
1514764805,3,-0.264648,0.823120,0.442749
1514764805,3,-0.244385,0.816895,0.397217
1514764805,3,-0.273438,0.796265,0.343262
1514764805,3,-0.476929,0.692627,0.275635
1514764805,3,-0.592529,0.655518,0.201294
1514764805,3,-0.663086,0.645020,0.113525
1514764805,3,-0.674438,0.652588,0.031006
1514764805,3,-0.488159,0.684326,0.036133
1514764805,3,-0.334351,0.719971,0.061401
1514764805,3,-0.202637,0.751465,0.096313
1514764805,3,-0.118286,0.786499,0.131592
1514764805,3,0.006714,0.874268,0.166870
1514764805,3,-0.021362,0.920776,0.174072
1514764805,3,0.020874,0.980835,0.178589
1514764805,3,0.059570,1.044434,0.165649
1514764805,3,0.026001,1.126709,0.197144
1514764805,3,0.007080,1.168823,0.191650
1514764805,3,-0.028320,1.209595,0.182007
1514764805,3,-0.043579,1.250610,0.181030
1514764805,3,-0.014771,1.342407,0.170532
1514764805,3,-0.042603,1.380859,0.167725
1514764805,3,-0.009155,1.423096,0.179443
1514764805,3,0.052612,1.472290,0.175415
1514764805,3,0.117920,1.540527,0.168823
1514764805,3,0.131592,1.557861,0.169067
1514764805,3,0.114624,1.570801,0.138550
1514764805,3,0.077026,1.574463,0.106567
1514764805,3,0.003906,1.572266,0.095581
1514764805,3,-0.055542,1.582886,0.059448
1514764805,3,-0.114868,1.601074,0.037476
1514764805,3,-0.132202,1.628662,0.038452
1514764805,3,-0.087524,1.686890,0.068848
1514764805,3,-0.025635,1.718262,0.103149
1514764805,3,0.047852,1.746216,0.135132
1514764805,3,0.096191,1.776733,0.130005
1514764805,3,0.073242,1.802612,0.073975
1514764805,3,0.021729,1.789307,0.083008
1514764805,3,-0.027710,1.774170,0.096924
1514764805,3,-0.058105,1.763794,0.105957
1514764805,3,-0.062744,1.784424,0.062622
1514764805,3,-0.065918,1.781860,0.075195
1514764805,3,-0.055298,1.772705,0.095337
1514764805,3,-0.038208,1.766846,0.111206
1514764805,3,-0.005737,1.733521,0.127441
1514764805,3,-0.004517,1.700195,0.121704
1514764805,3,-0.020752,1.653564,0.107178
1514764805,3,-0.062500,1.587769,0.080078
1514764805,3,-0.171265,1.430176,0.028442
1514764805,3,-0.185303,1.358643,-0.001099
1514764805,3,-0.183350,1.286743,-0.037598
1514764805,3,-0.182739,1.210938,-0.073608
1514764805,3,-0.237671,1.026978,-0.149292
1514764805,3,-0.329590,0.920288,-0.193481
1514764805,3,-0.438232,0.810425,-0.228271
1514764805,3,-0.532349,0.705322,-0.258667
1514764805,3,-0.651855,0.516235,-0.266235
1514764805,3,-0.679688,0.433228,-0.252197
1514764805,3,-0.711792,0.351929,-0.243286
1514764805,3,-0.785034,0.271362,-0.254150
1514764805,3,-1.048950,0.097534,-0.286011
1514764805,3,-1.220947,0.005737,-0.308228
1514764805,3,-1.393921,-0.098877,-0.305420
1514764805,3,-1.562134,-0.198120,-0.288452
1514764805,3,-1.885498,-0.391602,-0.233521
1514764805,3,-2.032837,-0.478027,-0.183716
1514764805,3,-2.147705,-0.543945,-0.123535
1514764805,3,-2.217163,-0.598633,-0.043213
1514764805,3,-2.307251,-0.679077,0.158813
1514764805,3,-2.330688,-0.697144,0.266235
1514764805,3,-2.330444,-0.695801,0.372314
1514764805,3,-2.336304,-0.686157,0.468750
1514764805,3,-2.314209,-0.651123,0.695557
1514764805,3,-2.279419,-0.615356,0.816650
1514764805,3,-2.250000,-0.571655,0.879883
1514764805,3,-2.207886,-0.532837,0.964600
1514764805,3,-2.100220,-0.463867,1.136353
1514764805,3,-2.040771,-0.428345,1.187256
1514764805,3,-1.997437,-0.403564,1.220337
1514764805,3,-1.965942,-0.390869,1.253174
1514764805,3,-1.910645,-0.390015,1.348755
1514764805,3,-1.905029,-0.391235,1.351196
1514764805,3,-1.810425,-0.405640,1.428833
1514764805,3,-1.731934,-0.406250,1.449219
1514764805,3,-1.526733,-0.413818,1.499268
1514764805,3,-1.436401,-0.414429,1.498413
1514764805,3,-1.360474,-0.432251,1.516235
1514764805,3,-1.338501,-0.442627,1.496826
1514764805,3,-1.216431,-0.475708,1.518677
1514764805,3,-1.113159,-0.484009,1.532959
1514764805,3,-0.981201,-0.477905,1.510010
1514764805,3,-0.865845,-0.480103,1.488281
1514764805,3,-0.854614,-0.514648,1.448853
1514764805,3,-0.933960,-0.524292,1.382080
1514764805,3,-1.028687,-0.535278,1.320435
1514764805,3,-1.096191,-0.534668,1.258057
1514764805,3,-1.154785,-0.508789,1.126709
1514764805,3,-1.208252,-0.497925,1.084351
1514764805,3,-1.358765,-0.500000,1.019409
1514764805,3,-1.526855,-0.498413,0.993042
1514764805,3,-1.778076,-0.395874,0.809204
1514764805,3,-1.824341,-0.324707,0.733643
1514764805,3,-1.833130,-0.251221,0.673584
1514764805,3,-1.811890,-0.175171,0.631958
1514764805,3,-1.738281,-0.038330,0.603027
1514764805,3,-1.702637,0.021606,0.582153
1514764805,3,-1.653931,0.068970,0.568848
1514764805,3,-1.595459,0.113525,0.567505
1514764805,3,-1.438354,0.199585,0.531860
1514764805,3,-1.347290,0.238403,0.534302
1514764805,3,-1.272217,0.281372,0.498047
1514764805,3,-1.194580,0.323486,0.459839
1514764805,3,-0.976440,0.404175,0.425659
1514764805,3,-0.859253,0.437988,0.424805
1514764805,3,-0.773560,0.463867,0.420654
1514764805,3,-0.718628,0.488403,0.421875
1514764805,3,-0.649414,0.557129,0.376709
1514764805,3,-0.660889,0.584229,0.347778
1514764805,3,-0.641846,0.613647,0.360596
1514764805,3,-0.617920,0.649292,0.339355
1514764805,3,-0.578735,0.713989,0.328735
1514764805,3,-0.546509,0.740234,0.306641
1514764805,3,-0.527100,0.756104,0.324585
1514764805,3,-0.477783,0.785400,0.321533
1514764805,3,-0.336060,0.838501,0.338989
1514764805,3,-0.234009,0.878052,0.351318
1514764805,3,-0.120728,0.929443,0.331787
1514764805,3,-0.000977,0.966431,0.338989
1514764805,3,0.168701,1.009155,0.348511
1514764805,3,0.196167,1.011963,0.342529
1514764805,3,0.211182,1.020508,0.327148
1514764805,3,0.271118,1.040649,0.255249
1514764805,3,0.302734,1.025635,0.192627
1514764805,3,0.317871,1.016479,0.159058
1514764805,3,0.316040,1.007812,0.108521
1514764805,3,0.322510,0.999878,0.071899
1514764805,3,0.383301,1.000122,0.000122
1514764805,3,0.422363,1.005859,-0.024780
1514764805,3,0.461548,1.013428,-0.050293
1514764805,3,0.491699,1.024048,-0.092285
1514764805,3,0.526489,1.036133,-0.144897
1514764805,3,0.524048,1.048340,-0.174561
1514764805,3,0.514526,1.068604,-0.212646
1514764805,3,0.556152,1.092773,-0.236328
1514764805,3,0.733276,1.186890,-0.302246
1514764805,3,0.738770,1.233032,-0.377441
1514764805,3,0.672119,1.264160,-0.450562
1514764805,3,0.559082,1.291382,-0.515991
1514764805,3,0.286499,1.351562,-0.613525
1514764805,3,0.217163,1.410400,-0.651245
1514764805,3,0.203613,1.481812,-0.663818
1514764805,3,0.242065,1.561890,-0.635376
1514764805,3,0.309937,1.736816,-0.580200
1514764805,3,0.361206,1.818359,-0.542603
1514764805,3,0.387451,1.880859,-0.477661
1514764805,3,0.321045,1.932983,-0.451660
1514764805,3,0.218018,2.008911,-0.380249
1514764805,3,0.197998,2.035034,-0.334839
1514764805,3,0.176025,2.060181,-0.287109
1514764805,3,0.160278,2.077026,-0.252319
1514764805,3,0.130127,2.071899,-0.163208
1514764805,3,0.108765,2.053955,-0.129883
1514764805,3,0.074097,2.018799,-0.109009
1514764805,3,0.023804,1.969238,-0.086182
1514764805,3,-0.091553,1.839844,-0.063599
1514764805,3,-0.156616,1.761841,-0.072388
1514764805,3,-0.205933,1.680420,-0.073975
1514764805,3,-0.255127,1.508545,-0.103027
1514764805,3,-0.313354,1.307739,-0.164795
1514764805,3,-0.359619,1.189697,-0.191528
1514764806,3,-0.427124,1.072754,-0.238037
1514764806,3,-0.505005,0.947510,-0.279785
1514764806,3,-0.624878,0.698242,-0.346069
1514764806,3,-0.692505,0.580444,-0.366333
1514764806,3,-0.784424,0.459839,-0.380859
1514764806,3,-0.889648,0.342407,-0.394531
1514764806,3,-1.162109,0.121216,-0.405151
1514764806,3,-1.349609,0.015869,-0.417480
1514764806,3,-1.548950,-0.094116,-0.400146
1514764806,3,-1.707275,-0.197876,-0.345825
1514764806,3,-1.966064,-0.325928,-0.382324
1514764806,3,-2.118774,-0.412842,-0.308716
1514764806,3,-2.267334,-0.496582,-0.218262
1514764806,3,-2.393921,-0.558594,-0.157227
1514764806,3,-2.595825,-0.645630,0.032104
1514764806,3,-2.634888,-0.679810,0.177124
1514764806,3,-2.658447,-0.685059,0.289185
1514764806,3,-2.686646,-0.676880,0.382202
1514764806,3,-2.673462,-0.637573,0.643066
1514764806,3,-2.645142,-0.593018,0.747192
1514764806,3,-2.598755,-0.544434,0.861816
1514764806,3,-2.556030,-0.496094,0.967651
1514764806,3,-2.553833,-0.412109,1.143311
1514764806,3,-2.554565,-0.362915,1.217407
1514764806,3,-2.542114,-0.310425,1.254517
1514764806,3,-2.526855,-0.274048,1.319458
1514764806,3,-2.468140,-0.204102,1.476074
1514764806,3,-2.483521,-0.156372,1.511353
1514764806,3,-2.371094,-0.131714,1.624146
1514764806,3,-2.165283,-0.111206,1.768433
1514764806,3,-1.703735,-0.091064,1.966919
1514764806,3,-1.537476,-0.071533,1.956421
1514764806,3,-1.417725,-0.085938,1.952881
1514764806,3,-1.385498,-0.139038,1.951294
1514764806,3,-1.353271,-0.259155,1.808472
1514764806,3,-1.352051,-0.345581,1.783569
1514764806,3,-1.349609,-0.415161,1.666992
1514764806,3,-1.314575,-0.499390,1.619507
1514764806,3,-1.296021,-0.567993,1.344604
1514764806,3,-1.293823,-0.578613,1.146729
1514764806,3,-1.257812,-0.615723,1.059814
1514764806,3,-1.240601,-0.650879,1.001343
1514764806,3,-1.263550,-0.674072,0.825806
1514764806,3,-1.278076,-0.669800,0.771362
1514764806,3,-1.297852,-0.646851,0.682129
1514764806,3,-1.301880,-0.614380,0.635254
1514764806,3,-1.378418,-0.522461,0.520996
1514764806,3,-1.438599,-0.472412,0.534058
1514764806,3,-1.449463,-0.395142,0.514771
1514764806,3,-1.402222,-0.300659,0.476685
1514764806,3,-1.250000,-0.124634,0.473511
1514764806,3,-1.201416,-0.050171,0.483032
1514764806,3,-1.170654,0.014160,0.484497
1514764806,3,-1.147583,0.073120,0.486938
1514764806,3,-1.088379,0.176880,0.497070
1514764806,3,-1.035278,0.229004,0.492676
1514764806,3,-0.927612,0.286865,0.506958
1514764806,3,-0.802124,0.342041,0.519653
1514764806,3,-0.581055,0.462036,0.566406
1514764806,3,-0.506226,0.522095,0.589111
1514764806,3,-0.453979,0.592529,0.591553
1514764806,3,-0.411621,0.665283,0.596191
1514764806,3,-0.359985,0.793091,0.635132
1514764806,3,-0.320679,0.856689,0.645508
1514764806,3,-0.278809,0.914673,0.656860
1514764806,3,-0.218140,0.968140,0.664429
1514764806,3,-0.118530,1.037720,0.682007
1514764806,3,-0.077026,1.055054,0.673462
1514764806,3,-0.031982,1.062012,0.647583
1514764806,3,0.023315,1.044434,0.635620
1514764806,3,0.169067,0.958862,0.687744
1514764806,3,0.200562,0.939697,0.522339
1514764806,3,0.195801,0.880615,0.448975
1514764806,3,0.160645,0.791626,0.453857
1514764806,3,0.234009,0.661255,0.408081
1514764806,3,0.318848,0.618286,0.433472
1514764806,3,0.425293,0.591553,0.371582
1514764806,3,0.561279,0.546631,0.422852
1514764806,3,0.693848,0.498047,0.447510
1514764806,3,0.739014,0.494385,0.425659
1514764806,3,0.785034,0.495239,0.427002
1514764806,3,0.836060,0.494629,0.446655
1514764806,3,0.927734,0.512939,0.475708
1514764806,3,0.953491,0.518799,0.483521
1514764806,3,0.947266,0.526611,0.477905
1514764806,3,0.907837,0.518311,0.470215
1514764806,3,0.664917,0.469116,0.432617
1514764806,3,0.611938,0.455933,0.427490
1514764806,3,0.598999,0.450684,0.433472
1514764806,3,0.614258,0.449219,0.448608
1514764806,3,0.676758,0.447998,0.503418
1514764806,3,0.691284,0.443359,0.531738
1514764806,3,0.683960,0.443481,0.554565
1514764806,3,0.672852,0.442017,0.557739
1514764806,3,0.614502,0.419922,0.628540
1514764806,3,0.592163,0.430298,0.632812
1514764806,3,0.585327,0.440796,0.650879
1514764806,3,0.585449,0.448975,0.697266
1514764806,3,0.613770,0.498657,0.738403
1514764806,3,0.631592,0.511108,0.800659
1514764806,3,0.639038,0.526245,0.855713
1514764806,3,0.648315,0.554443,0.877930
1514764806,3,0.702515,0.614868,0.894043
1514764806,3,0.717529,0.631226,0.910034
1514764806,3,0.702881,0.637451,0.906982
1514764806,3,0.663940,0.632568,0.896362
1514764806,3,0.615845,0.609985,0.798950
1514764806,3,0.565063,0.551270,0.833740
1514764806,3,0.506470,0.501343,0.837158
1514764806,3,0.448853,0.467285,0.755615
1514764806,3,0.423462,0.395264,0.679932
1514764806,3,0.442993,0.357788,0.646240
1514764806,3,0.451172,0.310669,0.633423
1514764806,3,0.444336,0.263062,0.615967
1514764806,3,0.406738,0.189941,0.553955
1514764806,3,0.393799,0.162354,0.531982
1514764806,3,0.402954,0.142090,0.520996
1514764806,3,0.411865,0.129150,0.515869
1514764806,3,0.436401,0.115601,0.511841
1514764806,3,0.412476,0.115601,0.498657
1514764806,3,0.335693,0.121216,0.467773
1514764806,3,0.244263,0.118774,0.456909
1514764806,3,0.122559,0.147827,0.451660
1514764806,3,0.063721,0.159668,0.489014
1514764806,3,-0.000977,0.185791,0.487549
1514764806,3,-0.091187,0.218506,0.477051
1514764806,3,-0.278564,0.270142,0.497681
1514764806,3,-0.361450,0.295532,0.515259
1514764806,3,-0.429932,0.322388,0.533203
1514764806,3,-0.494019,0.341797,0.556885
1514764806,3,-0.614502,0.361694,0.581299
1514764806,3,-0.675415,0.358276,0.591919
1514764806,3,-0.741455,0.347656,0.609863
1514764806,3,-0.806396,0.326904,0.626099
1514764806,3,-0.916016,0.291870,0.646606
1514764806,3,-0.936523,0.283081,0.646240
1514764806,3,-0.939453,0.265381,0.658569
1514764806,3,-0.943237,0.242310,0.676147
1514764806,3,-0.977417,0.186890,0.687622
1514764806,3,-1.028564,0.151611,0.687744
1514764806,3,-1.090454,0.114258,0.681763
1514764806,3,-1.161499,0.080566,0.665405
1514764806,3,-1.297729,-0.002686,0.656372
1514764806,3,-1.342163,-0.043945,0.654907
1514764806,3,-1.366943,-0.080078,0.672241
1514764806,3,-1.416870,-0.113403,0.660767
1514764806,3,-1.461792,-0.178467,0.681396
1514764806,3,-1.466919,-0.202515,0.692383
1514764806,3,-1.466675,-0.222778,0.708130
1514764806,3,-1.457153,-0.232422,0.732056
1514764806,3,-1.414917,-0.231079,0.763184
1514764806,3,-1.399902,-0.228760,0.784668
1514764806,3,-1.390869,-0.219849,0.797241
1514764806,3,-1.407349,-0.208862,0.806885
1514764806,3,-1.452881,-0.185791,0.845703
1514764806,3,-1.437866,-0.166016,0.865234
1514764806,3,-1.414673,-0.138062,0.876587
1514764806,3,-1.377441,-0.114624,0.897461
1514764806,3,-1.304199,-0.070312,0.914062
1514764806,3,-1.279907,-0.056274,0.914185
1514764806,3,-1.266357,-0.046631,0.910278
1514764806,3,-1.256592,-0.041260,0.898193
1514764806,3,-1.249023,-0.045898,0.860229
1514764806,3,-1.219238,-0.057129,0.847290
1514764806,3,-1.177856,-0.062622,0.827271
1514764806,3,-1.140503,-0.066406,0.785278
1514764806,3,-1.102295,-0.089722,0.717285
1514764806,3,-1.121948,-0.106689,0.682861
1514764806,3,-1.135132,-0.124878,0.649170
1514764806,3,-1.131714,-0.136108,0.617920
1514764806,3,-1.089233,-0.149048,0.564819
1514764806,3,-1.067627,-0.146851,0.538330
1514764806,3,-1.055664,-0.144287,0.517822
1514764806,3,-1.048950,-0.139404,0.493530
1514764806,3,-1.067017,-0.126587,0.451050
1514764806,3,-1.088989,-0.117432,0.435181
1514764806,3,-1.106934,-0.102783,0.422241
1514764806,3,-1.117798,-0.087646,0.414917
1514764806,3,-1.077271,-0.028564,0.430176
1514764806,3,-1.043701,-0.006104,0.445190
1514764806,3,-0.998779,0.016235,0.463745
1514764806,3,-0.957520,0.040405,0.476562
1514764806,3,-0.874878,0.074707,0.520142
1514764806,3,-0.830444,0.089844,0.547485
1514764806,3,-0.790894,0.105469,0.564209
1514764806,3,-0.743896,0.119995,0.580566
1514764806,3,-0.653931,0.154297,0.606201
1514764806,3,-0.612061,0.166504,0.615967
1514764806,3,-0.571411,0.173218,0.632568
1514764806,3,-0.549561,0.177002,0.642822
1514764806,3,-0.549438,0.173462,0.671143
1514764806,3,-0.554810,0.183716,0.670166
1514764806,3,-0.527222,0.210449,0.608765
1514764806,3,-0.494385,0.216797,0.602783
1514764806,3,-0.533203,0.191528,0.625977
1514764806,3,-0.527954,0.201050,0.618896
1514764806,3,-0.306030,0.180298,0.785278
1514764806,3,-0.233887,0.223999,0.866943
1514764806,3,0.151245,0.539551,0.289795
1514764807,3,0.276733,0.487305,0.584106
1514764807,3,0.418335,0.448364,0.830811
1514764807,3,0.542114,0.479980,0.839111
1514764807,3,0.555298,0.513550,0.853394
1514764807,3,0.440430,0.552368,0.736816
1514764807,3,0.349365,0.598633,0.573853
1514764807,3,0.281250,0.612549,0.495483
1514764807,3,0.260254,0.615723,0.499268
1514764807,3,0.259644,0.637207,0.441162
1514764807,3,0.312988,0.661377,0.419556
1514764807,3,0.390625,0.677246,0.428955
1514764807,3,0.610840,0.716553,0.379272
1514764807,3,0.682129,0.700195,0.412109
1514764807,3,0.699829,0.675781,0.408447
1514764807,3,0.694702,0.660156,0.367554
1514764807,3,0.668091,0.670288,0.195923
1514764807,3,0.673584,0.671753,0.170776
1514764807,3,0.708374,0.683228,0.182861
1514764807,3,0.752563,0.723633,0.162109
1514764807,3,0.789551,0.817993,0.208252
1514764807,3,0.816284,0.920532,0.131104
1514764807,3,0.840576,0.991577,0.086548
1514764807,3,0.759766,1.018677,0.167603
1514764807,3,0.494263,1.142090,0.072754
1514764807,3,0.383057,1.219971,0.000122
1514764807,3,0.290405,1.291504,-0.016846
1514764807,3,0.280029,1.368286,0.005127
1514764807,3,0.325439,1.518433,0.052612
1514764807,3,0.339844,1.577759,0.086792
1514764807,3,0.343384,1.635254,0.098389
1514764807,3,0.344604,1.687012,0.097168
1514764807,3,0.392700,1.750366,0.150757
1514764807,3,0.401367,1.778198,0.163330
1514764807,3,0.388184,1.808960,0.136719
1514764807,3,0.355713,1.832275,0.107300
1514764807,3,0.228516,1.843018,0.101807
1514764807,3,0.178101,1.847656,0.112305
1514764807,3,0.146729,1.855591,0.114258
1514764807,3,0.126831,1.872803,0.107178
1514764807,3,0.144531,1.892334,0.119263
1514764807,3,0.162231,1.899292,0.126465
1514764807,3,0.177246,1.902466,0.130005
1514764807,3,0.177002,1.903198,0.117188
1514764807,3,0.175171,1.873657,0.095947
1514764807,3,0.189087,1.843262,0.069824
1514764807,3,0.207153,1.797852,0.034058
1514764807,3,0.209106,1.722046,0.020386
1514764807,3,0.059937,1.528442,-0.139648
1514764807,3,0.004150,1.414551,-0.217041
1514764807,3,-0.068115,1.296265,-0.292114
1514764807,3,-0.146240,1.164062,-0.328369
1514764807,3,-0.241089,0.928955,-0.407471
1514764807,3,-0.262573,0.822998,-0.439331
1514764807,3,-0.291992,0.718140,-0.463623
1514764807,3,-0.326904,0.613403,-0.482178
1514764807,3,-0.416626,0.426147,-0.518921
1514764807,3,-0.473633,0.339844,-0.531250
1514764807,3,-0.536133,0.250732,-0.536377
1514764807,3,-0.584473,0.160400,-0.522827
1514764807,3,-0.732422,0.006958,-0.529907
1514764807,3,-0.807373,-0.084229,-0.485107
1514764807,3,-1.029907,-0.157227,-0.607300
1514764807,3,-1.168091,-0.268677,-0.498291
1514764807,3,-1.517578,-0.455811,-0.330688
1514764807,3,-1.773438,-0.577271,-0.196777
1514764807,3,-2.079712,-0.695312,-0.132812
1514764807,3,-2.326050,-0.863403,-0.016357
1514764807,3,-2.704590,-0.962280,-0.355591
1514764807,3,-2.600098,-0.869385,-0.176392
1514764807,3,-2.674927,-0.797485,0.203979
1514764807,3,-2.784912,-0.663574,0.299072
1514764807,3,-2.907227,-0.542358,0.652588
1514764807,3,-2.666870,-0.482788,0.998657
1514764807,3,-2.396118,-0.352295,1.070068
1514764807,3,-2.228394,-0.232422,1.055542
1514764807,3,-2.252563,-0.149048,1.178101
1514764807,3,-2.425903,-0.138672,1.186401
1514764807,3,-2.468994,-0.151001,1.294922
1514764807,3,-2.334106,-0.168457,1.486816
1514764807,3,-1.791992,-0.170288,1.676880
1514764807,3,-1.501831,-0.190308,1.798462
1514764807,3,-1.287842,-0.225220,1.900513
1514764807,3,-1.208008,-0.252686,1.866943
1514764807,3,-1.195801,-0.318115,1.640381
1514764807,3,-1.210815,-0.387817,1.576416
1514764807,3,-1.339111,-0.432251,1.341919
1514764807,3,-1.351196,-0.505493,1.219849
1514764807,3,-1.435547,-0.655396,1.026611
1514764807,3,-1.438965,-0.715942,0.990967
1514764807,3,-1.387207,-0.758545,0.953979
1514764807,3,-1.372192,-0.738037,0.815674
1514764807,3,-1.165161,-0.738892,0.688843
1514764807,3,-1.011963,-0.746460,0.799927
1514764807,3,-0.951660,-0.715454,0.778076
1514764807,3,-0.932129,-0.656006,0.663330
1514764807,3,-1.129517,-0.602905,0.654419
1514764807,3,-1.262695,-0.559937,0.676514
1514764807,3,-1.380615,-0.473999,0.585327
1514764807,3,-1.440918,-0.396973,0.548950
1514764807,3,-1.470703,-0.275269,0.600708
1514764807,3,-1.440796,-0.204590,0.600342
1514764807,3,-1.396240,-0.148315,0.610352
1514764807,3,-1.364258,-0.103516,0.630981
1514764807,3,-1.412476,-0.044800,0.673584
1514764807,3,-1.398315,-0.027466,0.690674
1514764807,3,-1.357544,-0.011597,0.698364
1514764807,3,-1.304321,-0.003174,0.697998
1514764807,3,-1.110962,-0.024292,0.708496
1514764807,3,-1.058228,-0.056885,0.712158
1514764807,3,-1.036743,-0.097168,0.694214
1514764807,3,-1.017578,-0.142090,0.661377
1514764807,3,-0.919189,-0.262817,0.609131
1514764807,3,-0.869141,-0.332764,0.586304
1514764807,3,-0.842407,-0.401855,0.573242
1514764807,3,-0.800415,-0.455688,0.567139
1514764807,3,-0.763916,-0.510254,0.504639
1514764807,3,-0.762939,-0.536377,0.489624
1514764807,3,-0.801025,-0.587036,0.520752
1514764807,3,-0.772339,-0.606567,0.543945
1514764807,3,-0.647217,-0.474487,0.502686
1514764807,3,-0.614258,-0.199951,0.573608
1514764807,3,-0.569336,0.211182,0.406128
1514764807,3,-0.542236,0.515869,0.449829
1514764807,3,-0.606323,0.625977,1.039429
1514764807,3,-0.735718,0.618286,1.426270
1514764807,3,-0.362061,0.993896,0.124146
1514764807,3,-0.212646,0.882812,0.537720
1514764807,3,0.097900,0.812378,0.779785
1514764807,3,0.054077,0.801270,0.765991
1514764807,3,-0.023071,0.793823,0.696045
1514764807,3,-0.073608,0.781860,0.639404
1514764807,3,-0.009033,0.765015,0.601440
1514764807,3,0.098877,0.770508,0.583374
1514764807,3,0.196045,0.787109,0.544312
1514764807,3,0.293335,0.792358,0.532104
1514764807,3,0.402710,0.777466,0.481323
1514764807,3,0.439331,0.753052,0.452881
1514764807,3,0.455933,0.713501,0.442017
1514764807,3,0.456421,0.669556,0.436401
1514764807,3,0.676025,0.538818,0.441406
1514764807,3,0.747192,0.475952,0.408325
1514764807,3,0.680786,0.420410,0.349976
1514764807,3,0.521729,0.406250,0.210571
1514764807,3,0.365845,0.424805,0.092529
1514764807,3,0.429565,0.452515,0.153931
1514764807,3,0.555054,0.483154,0.257446
1514764807,3,0.637817,0.523926,0.304932
1514764807,3,0.642822,0.585571,0.294067
1514764807,3,0.599243,0.603882,0.277344
1514764807,3,0.560425,0.629272,0.256470
1514764807,3,0.530273,0.646118,0.259521
1514764807,3,0.427490,0.692749,0.245361
1514764807,3,0.218018,0.831909,0.064697
1514764807,3,0.242432,0.974487,0.030396
1514764807,3,0.186523,1.023926,0.162109
1514764807,3,0.045532,1.169434,0.250854
1514764807,3,-0.020386,1.255005,0.255859
1514764807,3,-0.051880,1.356567,0.218872
1514764807,3,0.072754,1.479858,0.231812
1514764807,3,0.360718,1.739868,0.373169
1514764807,3,0.346680,1.803833,0.380249
1514764807,3,0.235840,1.857056,0.337646
1514764807,3,0.114136,1.893555,0.315552
1514764807,3,-0.093628,1.943237,0.333130
1514764807,3,-0.163818,1.979736,0.340576
1514764807,3,-0.160278,2.029907,0.323975
1514764807,3,-0.128174,2.070557,0.352173
1514764807,3,-0.153564,2.120361,0.398315
1514764807,3,-0.165771,2.145142,0.358032
1514764807,3,-0.175537,2.153320,0.360107
1514764807,3,-0.193726,2.149658,0.359863
1514764807,3,-0.119385,2.138306,0.355835
1514764807,3,-0.049316,2.138916,0.306641
1514764807,3,0.014526,2.121460,0.264160
1514764807,3,0.053223,2.077148,0.244019
1514764807,3,0.005615,1.921875,0.245361
1514764807,3,-0.053711,1.865356,0.165771
1514764807,3,-0.119019,1.808716,0.004883
1514764807,3,-0.172729,1.715942,-0.090454
1514764807,3,-0.161865,1.494507,-0.181274
1514764807,3,-0.163940,1.372192,-0.247681
1514764807,3,-0.200073,1.239868,-0.320557
1514764807,3,-0.273193,1.094971,-0.381348
1514764807,3,-0.442749,0.784668,-0.366699
1514764807,3,-0.478149,0.654785,-0.340698
1514764807,3,-0.476807,0.543091,-0.314331
1514764807,3,-0.464111,0.419800,-0.262329
1514764807,3,-0.393188,0.215942,-0.329956
1514764807,3,-0.449585,0.195435,-0.648560
1514764807,3,-0.534180,0.131226,-0.830078
1514764807,3,-0.624512,-0.016968,-0.700073
1514764807,3,-0.831909,-0.341553,-0.341797
1514764807,3,-0.912476,-0.456055,-0.301147
1514764807,3,-0.998291,-0.543579,-0.361938
1514764807,3,-1.132690,-0.624146,-0.442871
1514764807,3,-1.384888,-0.784180,-0.393066
1514764807,3,-1.505249,-0.829102,-0.371582
1514764807,3,-1.634033,-0.863159,-0.326050
1514764807,3,-1.733032,-0.884033,-0.244629
1514764808,3,-1.968384,-0.883179,-0.136719
1514764808,3,-2.124268,-0.866699,-0.103760
1514764808,3,-2.275635,-0.846924,-0.055542
1514764808,3,-2.438843,-0.836182,0.002808
1514764808,3,-2.637085,-0.817993,0.198608
1514764808,3,-2.718018,-0.802124,0.266724
1514764808,3,-2.785034,-0.785156,0.363892
1514764808,3,-2.848999,-0.769653,0.469971
1514764808,3,-2.891235,-0.713257,0.696777
1514764808,3,-2.861694,-0.677368,0.824463
1514764808,3,-2.800049,-0.628174,0.945557
1514764808,3,-2.714600,-0.578125,1.060913
1514764808,3,-2.515991,-0.484375,1.276489
1514764808,3,-2.394165,-0.447388,1.384644
1514764808,3,-2.288940,-0.415405,1.473511
1514764808,3,-2.228638,-0.383789,1.534546
1514764808,3,-1.992432,-0.365845,1.697998
1514764808,3,-1.804199,-0.368896,1.780273
1514764808,3,-1.652100,-0.363281,1.798218
1514764808,3,-1.500122,-0.369751,1.803955
1514764808,3,-1.308472,-0.344971,1.553345
1514764808,3,-1.106934,-0.327881,1.204834
1514764808,3,-0.905029,-0.475586,1.440186
1514764808,3,-1.015869,-0.640381,1.700439
1514764808,3,-1.714355,-0.737427,1.268433
1514764808,3,-1.660767,-0.853516,1.480103
1514764808,3,-1.476562,-0.913086,1.584595
1514764808,3,-1.286621,-0.879150,1.460693
1514764808,3,-1.200928,-0.788574,1.235962
1514764808,3,-1.355103,-0.736206,1.178833
1514764808,3,-1.589355,-0.670166,1.083984
1514764808,3,-1.719727,-0.597412,0.997803
1514764808,3,-1.456787,-0.441528,0.926514
1514764808,3,-1.265625,-0.403320,0.884888
1514764808,3,-1.137451,-0.422119,0.906006
1514764808,3,-1.179077,-0.457031,0.896729
1514764808,3,-1.598145,-0.421997,0.604370
1514764808,3,-1.731812,-0.387085,0.456543
1514764808,3,-1.747192,-0.380981,0.471680
1514764808,3,-1.679688,-0.368408,0.525146
1514764808,3,-1.454224,-0.277100,0.510376
1514764808,3,-1.373901,-0.237183,0.480469
1514764808,3,-1.336914,-0.225586,0.460571
1514764808,3,-1.334595,-0.228271,0.469482
1514764808,3,-1.279175,-0.161865,0.445068
1514764808,3,-1.119873,-0.101440,0.431396
1514764808,3,-0.880127,-0.050537,0.433838
1514764808,3,-0.631592,-0.027344,0.473389
1514764808,3,-0.419922,-0.044800,0.510742
1514764808,3,-0.441650,-0.046509,0.490723
1514764808,3,-0.485718,-0.027344,0.442383
1514764808,3,-0.506226,-0.002197,0.399170
1514764808,3,-0.049805,-0.101562,0.872437
1514764808,3,-0.489014,-0.071289,0.518677
1514764808,3,-0.529785,0.087524,0.237427
1514764808,3,-0.489990,0.225098,0.172485
1514764808,3,-0.229370,0.362915,0.351562
1514764808,3,-0.037842,0.350220,0.526855
1514764808,3,0.226929,0.394775,0.598877
1514764808,3,0.463257,0.485596,0.327393
1514764808,3,0.498779,0.441772,0.643921
1514764808,3,0.431519,0.546021,0.432495
1514764808,3,0.392578,0.605103,0.400269
1514764808,3,0.429321,0.638184,0.466675
1514764808,3,0.503906,0.687866,0.516479
1514764808,3,0.488647,0.704102,0.622192
1514764808,3,0.503052,0.722900,0.567139
1514764808,3,0.499023,0.707764,0.569580
1514764808,3,0.646362,0.758667,0.586548
1514764808,3,0.691406,0.788696,0.511841
1514764808,3,0.614380,0.749756,0.562500
1514764808,3,0.456787,0.702881,0.580688
1514764808,3,0.432983,0.727783,0.452881
1514764808,3,0.690796,0.807129,0.349609
1514764808,3,0.957031,0.843994,0.402710
1514764808,3,1.156982,0.852539,0.520142
1514764808,3,1.224243,0.866577,0.518311
1514764808,3,1.101562,0.871338,0.438232
1514764808,3,0.974365,0.869263,0.366089
1514764808,3,0.900513,0.878174,0.323853
1514764808,3,0.946289,0.904053,0.297241
1514764808,3,1.008179,0.911865,0.306519
1514764808,3,1.062134,0.913208,0.307861
1514764808,3,1.095093,0.908081,0.308594
1514764808,3,1.076904,0.902466,0.255737
1514764808,3,1.081177,0.893555,0.255981
1514764808,3,1.125366,0.881104,0.297241
1514764808,3,1.144287,0.885620,0.265259
1514764808,3,1.130371,0.868164,0.289917
1514764808,3,1.133911,0.863647,0.281494
1514764808,3,1.129272,0.841553,0.281006
1514764808,3,1.178345,0.794678,0.307861
1514764808,3,0.988647,0.710571,0.193970
1514764808,3,0.895020,0.658325,0.142090
1514764808,3,0.852417,0.585693,0.165771
1514764808,3,0.836426,0.511230,0.187866
1514764808,3,0.690430,0.397583,0.071167
1514764808,3,0.615967,0.353394,0.006958
1514764808,3,0.587402,0.309082,-0.029175
1514764808,3,0.522339,0.264648,-0.023193
1514764808,3,0.478760,0.224976,-0.008179
1514764808,3,0.490967,0.222168,0.019409
1514764808,3,0.526245,0.228149,0.059326
1514764808,3,0.550903,0.239014,0.095459
1514764808,3,0.555786,0.275269,0.182617
1514764808,3,0.510498,0.282837,0.233154
1514764808,3,0.446411,0.292358,0.289185
1514764808,3,0.375732,0.305298,0.331543
1514764808,3,0.236084,0.316406,0.427612
1514764808,3,0.137329,0.313232,0.462646
1514764808,3,0.019043,0.300659,0.496460
1514764808,3,-0.054932,0.287476,0.516602
1514764808,3,-0.225098,0.236572,0.554199
1514764808,3,-0.298828,0.204468,0.556519
1514764808,3,-0.365234,0.167480,0.571045
1514764808,3,-0.413940,0.133301,0.573364
1514764808,3,-0.421143,0.055298,0.573608
1514764808,3,-0.444580,0.003296,0.588257
1514764808,3,-0.493896,-0.057129,0.584839
1514764808,3,-0.561646,-0.121582,0.580933
1514764808,3,-0.710205,-0.238159,0.577881
1514764808,3,-0.738403,-0.273560,0.546631
1514764808,3,-0.717529,-0.286133,0.442993
1514764808,3,-0.681763,-0.352295,0.463989
1514764808,3,-0.877441,-0.540771,0.670288
1514764808,3,-0.952881,-0.572144,0.618774
1514764808,3,-0.975220,-0.606934,0.646118
1514764808,3,-0.958252,-0.635132,0.707886
1514764808,3,-0.945557,-0.654175,0.798950
1514764808,3,-0.995483,-0.654541,0.846924
1514764808,3,-1.053101,-0.649658,0.907349
1514764808,3,-1.110352,-0.629639,0.962158
1514764808,3,-1.142578,-0.529419,1.049683
1514764808,3,-1.127075,-0.464966,1.103760
1514764808,3,-1.122314,-0.397705,1.174072
1514764808,3,-1.145996,-0.328735,1.238281
1514764808,3,-1.209229,-0.196655,1.341431
1514764808,3,-1.220703,-0.131348,1.394653
1514764808,3,-1.216187,-0.068481,1.432251
1514764808,3,-1.211060,-0.004028,1.450439
1514764808,3,-1.313721,0.165649,1.407715
1514764808,3,-1.341187,0.220215,1.393921
1514764808,3,-1.336792,0.282959,1.347412
1514764808,3,-1.306152,0.351074,1.290527
1514764808,3,-1.267456,0.402100,1.332153
1514764808,3,-1.272705,0.432007,1.264282
1514764808,3,-1.281006,0.450317,1.200684
1514764808,3,-1.283081,0.442505,1.165649
1514764808,3,-1.269775,0.370361,1.125244
1514764808,3,-1.254639,0.315918,1.072510
1514764808,3,-1.258789,0.248779,1.009155
1514764808,3,-1.263184,0.171753,0.937012
1514764808,3,-1.246948,0.008667,0.787354
1514764808,3,-1.212402,-0.062012,0.695801
1514764808,3,-1.159180,-0.126587,0.612793
1514764808,3,-1.099121,-0.186890,0.537231
1514764808,3,-1.017334,-0.287964,0.403931
1514764808,3,-1.045654,-0.341675,0.351318
1514764808,3,-1.098633,-0.374268,0.283813
1514764808,3,-1.121582,-0.384033,0.228394
1514764808,3,-1.013672,-0.354736,0.208618
1514764808,3,-0.891968,-0.312134,0.231812
1514764808,3,-0.771973,-0.262939,0.258179
1514764808,3,-0.684448,-0.212646,0.294434
1514764808,3,-0.591309,-0.098267,0.302612
1514764808,3,-0.575439,-0.050171,0.290283
1514764808,3,-0.580322,-0.020996,0.290405
1514764808,3,-0.599976,-0.007568,0.296631
1514764808,3,-0.623901,0.016846,0.302856
1514764808,3,-0.584717,0.036133,0.293823
1514764808,3,-0.605103,0.038940,0.336426
1514764808,3,-0.671387,0.051147,0.309326
1514764808,3,-0.737305,0.143066,0.236450
1514764808,3,-0.673706,0.207642,0.223511
1514764808,3,-0.611694,0.283813,0.216187
1514764808,3,-0.588257,0.355469,0.212280
1514764808,3,-0.684937,0.472168,0.204712
1514764808,3,-0.800781,0.518555,0.202759
1514764808,3,-0.935669,0.562744,0.205444
1514764808,3,-1.038818,0.617310,0.196411
1514764808,3,-1.073975,0.746704,0.219116
1514764808,3,-1.026001,0.815063,0.248291
1514764808,3,-1.001709,0.879272,0.264160
1514764808,3,-0.999268,0.936768,0.281738
1514764808,3,-1.145630,1.016357,0.294556
1514764808,3,-1.249023,1.057007,0.303467
1514764808,3,-1.336914,1.107056,0.303589
1514764808,3,-1.387085,1.159912,0.335083
1514764808,3,-1.357544,1.284058,0.413818
1514764808,3,-1.332764,1.326294,0.497925
1514764808,3,-1.310913,1.365112,0.558105
1514764808,3,-1.289307,1.402100,0.597778
1514764808,3,-1.228149,1.489868,0.674927
1514764808,3,-1.134644,1.543091,0.688477
1514764808,3,-1.045776,1.574829,0.710449
1514764808,3,-0.958130,1.585571,0.763794
1514764808,3,-1.009766,1.552979,0.769531
1514764808,3,-1.090576,1.524048,0.732544
1514764808,3,-1.226196,1.474731,0.718140
1514764809,3,-1.337280,1.429199,0.704468
1514764809,3,-1.540283,1.379150,0.630615
1514764809,3,-1.600952,1.362061,0.643677
1514764809,3,-1.640625,1.347656,0.681641
1514764809,3,-1.634521,1.348999,0.722534
1514764809,3,-1.485474,1.375488,0.818115
1514764809,3,-1.397095,1.389648,0.879150
1514764809,3,-1.305908,1.404175,0.917969
1514764809,3,-1.226440,1.412964,0.950439
1514764809,3,-1.155640,1.399048,0.965088
1514764809,3,-1.138306,1.370117,0.957275
1514764809,3,-1.148193,1.332764,0.920288
1514764809,3,-1.146606,1.288452,0.861816
1514764809,3,-1.096069,1.155029,0.668945
1514764809,3,-1.098877,1.027710,0.677979
1514764809,3,-1.110474,0.892822,0.678833
1514764809,3,-1.142944,0.771973,0.646851
1514764809,3,-1.177002,0.585449,0.557861
1514764809,3,-1.126953,0.516602,0.528564
1514764809,3,-1.028687,0.453979,0.527344
1514764809,3,-0.905640,0.402710,0.508179
1514764809,3,-0.726929,0.294312,0.491943
1514764809,3,-0.720337,0.229370,0.493164
1514764809,3,-0.785278,0.168213,0.485596
1514764809,3,-0.868530,0.116577,0.463257
1514764809,3,-0.832397,0.004883,0.509766
1514764809,3,-0.744263,-0.025879,0.581543
1514764809,3,-0.698975,-0.047241,0.565918
1514764809,3,-0.674072,-0.072021,0.533325
1514764809,3,-0.580688,-0.126587,0.544189
1514764809,3,-0.538940,-0.139771,0.531860
1514764809,3,-0.502075,-0.143799,0.484375
1514764809,3,-0.479370,-0.156250,0.453979
1514764809,3,-0.450684,-0.186157,0.363281
1514764809,3,-0.466064,-0.219849,0.360596
1514764809,3,-0.525879,-0.245117,0.309814
1514764809,3,-0.579590,-0.271851,0.297974
1514764809,3,-0.615234,-0.331299,0.216431
1514764809,3,-0.581177,-0.383667,0.222900
1514764809,3,-0.562500,-0.466431,0.236816
1514764809,3,-0.557373,-0.559570,0.288940
1514764809,3,-0.625366,-0.779053,0.356079
1514764809,3,-0.695679,-0.915039,0.297119
1514764809,3,-0.741455,-1.051147,0.253784
1514764809,3,-0.801636,-1.183960,0.161011
1514764809,3,-1.100464,-1.371094,-0.115967
1514764809,3,-1.505737,-1.477905,-0.142334
1514764809,3,-2.161987,-1.621338,-0.125732
1514764809,3,-3.019775,-1.808350,0.120605
1514764809,3,-3.776489,-2.117920,0.958130
1514764809,3,-3.562622,-2.162476,1.312866
1514764809,3,-3.015625,-2.179321,1.784790
1514764809,3,-2.499390,-2.080566,1.910522
1514764809,3,-1.878784,-1.846313,1.948853
1514764809,3,-1.518433,-1.703369,1.956421
1514764809,3,-0.775513,-1.613403,2.263916
1514764809,3,0.149414,-1.569092,2.736206
1514764809,3,1.909058,-1.460938,3.370117
1514764809,3,2.071167,-1.323486,3.190186
1514764809,3,1.696899,-1.171021,2.834229
1514764809,3,0.896362,-1.020508,2.372437
1514764809,3,-1.328003,-0.713745,1.462158
1514764809,3,-2.388428,-0.539795,1.031860
1514764809,3,-3.141357,-0.402466,0.878418
1514764809,3,-3.809937,-0.236450,0.761597
1514764809,3,-4.000000,0.192261,0.180664
1514764809,3,-4.000000,0.413940,-0.199097
1514764809,3,-4.000000,0.599731,-0.447021
1514764809,3,-4.000000,0.753906,-0.536987
1514764809,3,-4.000000,1.051758,-0.659424
1514764809,3,-4.000000,1.214600,-0.732544
1514764809,3,-4.000000,1.386841,-0.869629
1514764809,3,-4.000000,1.530640,-0.872437
1514764809,3,-4.000000,1.791260,-0.822632
1514764809,3,-4.000000,1.902344,-0.870117
1514764809,3,-4.000000,1.945312,-0.882202
1514764809,3,-4.000000,1.933838,-0.899902
1514764809,3,-4.000000,1.856689,-1.000244
1514764809,3,-4.000000,1.828613,-1.059448
1514764809,3,-3.928955,1.806519,-1.051636
1514764809,3,-3.710449,1.805664,-1.023071
1514764809,3,-3.107300,1.908325,-0.959717
1514764809,3,-2.586060,1.980713,-0.834839
1514764809,3,-2.091187,2.043579,-0.667358
1514764809,3,-1.688477,2.107056,-0.546753
1514764809,3,-0.983521,2.192017,-0.269165
1514764809,3,-0.798096,2.216431,-0.260864
1514764809,3,-0.678467,2.188354,-0.151855
1514764809,3,-0.644287,2.147095,-0.091064
1514764809,3,-0.598267,2.035889,-0.017822
1514764809,3,-0.544189,1.959717,0.047607
1514764809,3,-0.501587,1.884033,0.064941
1514764809,3,-0.506592,1.798828,0.055176
1514764809,3,-0.669067,1.550293,0.034668
1514764809,3,-0.825073,1.392090,0.030029
1514764809,3,-1.001465,1.230469,0.034180
1514764809,3,-1.146729,1.078491,0.035034
1514764809,3,-1.386597,0.832397,0.035889
1514764809,3,-1.503540,0.724365,0.056152
1514764809,3,-1.608154,0.630615,0.077026
1514764809,3,-1.701416,0.543823,0.096191
1514764809,3,-1.890991,0.393921,0.184082
1514764809,3,-1.943481,0.335815,0.239990
1514764809,3,-1.947021,0.294312,0.307861
1514764809,3,-1.963135,0.259521,0.368164
1514764809,3,-1.920044,0.216675,0.510254
1514764809,3,-1.866577,0.199097,0.578735
1514764809,3,-1.855225,0.187744,0.638550
1514764809,3,-1.802368,0.174561,0.719727
1514764809,3,-1.639771,0.160645,0.841064
1514764809,3,-1.553467,0.149902,0.911987
1514764809,3,-1.460083,0.142456,0.974365
1514764809,3,-1.356812,0.142334,0.990356
1514764809,3,-1.296265,0.104858,1.002563
1514764809,3,-1.303589,0.067139,1.032104
1514764809,3,-1.276245,0.026611,1.042236
1514764809,3,-1.274780,0.008911,1.065918
1514764809,3,-1.169678,0.010132,1.115234
1514764809,3,-1.096802,0.032227,1.099243
1514764809,3,-0.999756,0.047729,1.137329
1514764809,3,-0.901123,0.067383,1.151611
1514764809,3,-0.797852,0.109009,1.147217
1514764809,3,-0.775391,0.127930,1.129639
1514764809,3,-0.764282,0.142090,1.127808
1514764809,3,-0.751465,0.164673,1.106812
1514764809,3,-0.743286,0.224243,1.031006
1514764809,3,-0.786133,0.247803,1.018799
1514764809,3,-0.849854,0.282715,0.984009
1514764809,3,-0.896851,0.329956,0.927002
1514764809,3,-0.905884,0.418945,0.893921
1514764809,3,-0.886353,0.473389,0.870728
1514764809,3,-0.866455,0.527466,0.833374
1514764809,3,-0.852417,0.565918,0.811279
1514764809,3,-0.881836,0.627075,0.769165
1514764809,3,-0.906372,0.652710,0.733765
1514764809,3,-0.950562,0.675293,0.695923
1514764809,3,-1.007324,0.692017,0.672119
1514764809,3,-1.071777,0.738525,0.627075
1514764809,3,-1.051514,0.776245,0.635498
1514764809,3,-1.005493,0.814697,0.651367
1514764809,3,-0.938599,0.859985,0.669678
1514764809,3,-0.792725,0.950073,0.679932
1514764809,3,-0.743896,0.977173,0.690063
1514764809,3,-0.725586,0.994629,0.691895
1514764809,3,-0.699707,1.009399,0.667236
1514764809,3,-0.613037,1.005005,0.677734
1514764809,3,-0.567261,0.997803,0.669312
1514764809,3,-0.511108,0.991699,0.640015
1514764809,3,-0.441650,0.983154,0.604736
1514764809,3,-0.338013,0.924438,0.564453
1514764809,3,-0.317017,0.890503,0.527344
1514764809,3,-0.306519,0.845215,0.483276
1514764809,3,-0.284912,0.787231,0.448486
1514764809,3,-0.209717,0.668457,0.405884
1514764809,3,-0.161377,0.615234,0.374390
1514764809,3,-0.138062,0.561279,0.352783
1514764809,3,-0.139648,0.509399,0.331909
1514764809,3,-0.188965,0.422363,0.264893
1514764809,3,-0.226562,0.386597,0.243530
1514764809,3,-0.256348,0.355835,0.230103
1514764809,3,-0.275269,0.340576,0.220337
1514764809,3,-0.228516,0.321167,0.240356
1514764809,3,-0.192505,0.315308,0.262695
1514764809,3,-0.152832,0.311523,0.288940
1514764809,3,-0.117310,0.314697,0.317871
1514764809,3,-0.106689,0.312622,0.388184
1514764809,3,-0.117188,0.311279,0.417847
1514764809,3,-0.128784,0.305298,0.446655
1514764809,3,-0.130859,0.301147,0.480469
1514764809,3,-0.131104,0.282593,0.549316
1514764809,3,-0.143555,0.272827,0.580200
1514764809,3,-0.152588,0.262817,0.597412
1514764809,3,-0.163940,0.248169,0.621338
1514764809,3,-0.213379,0.212036,0.679321
1514764809,3,-0.257324,0.198364,0.707153
1514764809,3,-0.280396,0.197144,0.730347
1514764809,3,-0.284546,0.201660,0.746582
1514764809,3,-0.317017,0.203979,0.834351
1514764809,3,-0.315674,0.219482,0.865112
1514764809,3,-0.325806,0.235107,0.876099
1514764809,3,-0.323853,0.250977,0.905396
1514764809,3,-0.309204,0.282959,0.957397
1514764809,3,-0.299927,0.301147,0.984741
1514764809,3,-0.299927,0.321533,0.985474
1514764809,3,-0.307373,0.333374,0.988159
1514764809,3,-0.310303,0.339844,1.004150
1514764809,3,-0.303833,0.343384,1.005249
1514764809,3,-0.276001,0.342041,0.993774
1514764809,3,-0.244995,0.334595,0.968872
1514764809,3,-0.209229,0.277710,0.963623
1514764809,3,-0.177002,0.253052,0.946533
1514764809,3,-0.141724,0.227173,0.948486
1514764809,3,-0.098755,0.200684,0.945679
1514764809,3,-0.081909,0.138062,0.924438
1514764809,3,-0.109863,0.105103,0.912598
1514764809,3,-0.110474,0.076538,0.890137
1514764809,3,-0.113647,0.048950,0.871704
1514764809,3,-0.106079,0.003662,0.830200
1514764809,3,-0.110840,-0.018188,0.823853
1514764810,3,-0.095947,-0.031250,0.778076
1514764810,3,-0.066528,-0.047729,0.709839
1514764810,3,-0.003052,-0.127563,0.738770
1514764810,3,-0.016235,-0.150757,0.678833
1514764810,3,-0.048340,-0.179565,0.661255
1514764810,3,-0.054565,-0.205078,0.689819
1514764810,3,-0.068481,-0.204834,0.595947
1514764810,3,-0.056641,-0.224365,0.625000
1514764810,3,-0.031006,-0.236084,0.621338
1514764810,3,-0.074219,-0.255981,0.619873
1514764810,3,-0.185791,-0.255737,0.613770
1514764810,3,-0.203125,-0.247559,0.650391
1514764810,3,-0.216919,-0.221680,0.618164
1514764810,3,-0.254028,-0.215576,0.654907
1514764810,3,-0.312500,-0.160034,0.732300
1514764810,3,-0.381104,-0.123535,0.707031
1514764810,3,-0.421875,-0.104126,0.812134
1514764810,3,-0.450073,-0.059082,0.858643
1514764810,3,-0.582031,0.039062,0.891602
1514764810,3,-0.604858,0.082520,0.961548
1514764810,3,-0.649902,0.132690,0.960083
1514764810,3,-0.679199,0.176880,1.015015
1514764810,3,-0.727295,0.266602,1.087646
1514764810,3,-0.786865,0.297607,1.087158
1514764810,3,-0.836548,0.312378,1.143188
1514764810,3,-0.865723,0.329712,1.166382
1514764810,3,-0.812744,0.363159,1.198608
1514764810,3,-0.752808,0.354004,1.256470
1514764810,3,-0.702637,0.348267,1.269287
1514764810,3,-0.685425,0.338501,1.255127
1514764810,3,-0.716919,0.256714,1.240845
1514764810,3,-0.738037,0.205933,1.239258
1514764810,3,-0.779053,0.144287,1.229614
1514764810,3,-0.803223,0.083374,1.233887
1514764810,3,-0.814453,-0.010498,1.202026
1514764810,3,-0.882324,-0.047607,1.167847
1514764810,3,-0.997070,-0.091309,1.163208
1514764810,3,-1.101318,-0.125000,1.183228
1514764810,3,-1.030884,-0.109131,1.225586
1514764810,3,-0.935303,-0.057129,1.210938
1514764810,3,-0.858398,0.002319,1.182495
1514764810,3,-0.753052,0.062866,1.148804
1514764810,3,-0.207886,0.182373,1.171387
1514764810,3,0.080566,0.246094,1.137939
1514764810,3,0.241943,0.304565,1.089478
1514764810,3,0.312012,0.353149,0.986816
1514764810,3,0.355225,0.563477,0.809204
1514764810,3,0.295044,0.792603,0.629517
1514764810,3,0.147339,1.091553,0.409180
1514764810,3,-0.203125,1.412598,0.252075
1514764810,3,-1.730347,2.074341,-0.101440
1514764810,3,-2.809326,2.384033,-0.214233
1514764810,3,-4.000000,2.731445,-0.233521
1514764810,3,-4.000000,3.171631,-0.284790
1514764810,3,-4.000000,-4.000000,-0.324951
1514764810,3,-4.000000,-4.000000,-0.126831
1514764810,3,-3.809326,-4.000000,0.328247
1514764810,3,-3.151855,-4.000000,0.700439
1514764810,3,-3.198730,-4.000000,0.840820
1514764810,3,-3.346069,-4.000000,0.765747
1514764810,3,-2.990967,-4.000000,0.639526
1514764810,3,-2.545532,-4.000000,0.509155
1514764810,3,-2.209961,-4.000000,0.283936
1514764810,3,-2.094482,3.902954,0.069702
1514764810,3,-2.101318,3.270142,-0.157715
1514764810,3,-2.393311,2.573120,-0.293213
1514764810,3,-2.567627,1.349365,-0.647705
1514764810,3,-2.829956,0.799927,-0.759277
1514764810,3,-3.083008,0.360352,-0.853394
1514764810,3,-3.252930,0.043457,-1.058472
1514764810,3,-2.686646,-0.401733,-1.093994
1514764810,3,-2.271484,-0.572021,-1.154419
1514764810,3,-2.026489,-0.747925,-1.178955
1514764810,3,-2.261719,-0.904053,-1.320679
1514764810,3,-2.649170,-1.210938,-1.492432
1514764810,3,-2.343994,-1.363037,-1.413818
1514764810,3,-2.181763,-1.504028,-1.373047
1514764810,3,-2.349854,-1.644775,-1.365356
1514764810,3,-2.661011,-1.964600,-1.344238
1514764810,3,-2.934570,-2.137451,-1.243774
1514764810,3,-2.672485,0.763672,-0.332764
1514764810,3,-4.000000,2.432495,-0.889648
1514764810,3,-4.000000,3.113647,-0.617310
1514764810,3,-4.000000,3.717529,-0.160645
1514764810,3,-4.000000,-4.000000,1.054321
1514764810,3,-4.000000,-4.000000,1.623779
1514764810,3,-4.000000,-4.000000,2.252563
1514764810,3,-4.000000,-4.000000,3.169922
1514764810,3,-2.162109,-4.000000,3.419800
1514764810,3,-1.272949,-4.000000,3.952637
1514764810,3,-1.604614,-4.000000,3.817993
1514764810,3,-3.236572,-4.000000,2.503906
1514764810,3,-4.000000,-4.000000,1.951050
1514764810,3,-4.000000,3.412476,1.583862
1514764810,3,-4.000000,2.524902,1.184814
1514764810,3,-4.000000,1.124390,0.550537
1514764810,3,-4.000000,0.513062,0.353882
1514764810,3,-4.000000,-0.046631,0.147583
1514764810,3,-4.000000,-0.545288,-0.017456
1514764810,3,-4.000000,-1.431763,-0.175171
1514764810,3,-4.000000,-1.838135,-0.154419
1514764810,3,-4.000000,-2.231079,-0.080322
1514764810,3,-3.088379,-3.584961,0.371704
1514764810,3,-2.697754,-3.776245,0.360596
1514764810,3,-2.328491,-3.903687,0.277710
1514764810,3,-1.536377,-3.968628,0.107178
1514764810,3,-1.376099,-3.968628,-0.093262
1514764810,3,-1.227539,-3.968628,-0.304199
1514764810,3,-1.170776,-3.957764,-0.556030
1514764810,3,-0.914062,-3.886230,-0.657471
1514764810,3,-0.822388,-3.799316,-0.846558
1514764810,3,-0.953369,-3.830811,-0.749023
1514764810,3,-1.065186,-3.930908,-0.489990
1514764810,3,-1.154297,-3.968628,-0.033569
1514764810,3,-1.188599,-3.968628,0.212158
1514764810,3,-1.176880,-3.968628,0.431763
1514764810,3,-1.175781,-3.968628,0.568848
1514764810,3,-1.214844,-3.968628,0.706177
1514764810,3,-1.248535,-3.968628,0.774048
1514764810,3,-1.301270,-3.952881,0.822266
1514764810,3,-1.361816,-3.845093,0.865601
1514764810,3,-1.482544,-3.542114,0.985474
1514764810,3,-1.567993,-3.375488,1.023926
1514764810,3,-1.638306,-3.210327,1.067627
1514764810,3,-1.722656,-3.038696,1.106201
1514764810,3,-1.853027,-2.604370,1.022461
1514764810,3,-1.943115,-2.346191,0.923706
1514764810,3,-2.085205,-2.086792,0.828735
1514764810,3,-2.456421,-1.826416,0.695801
1514764810,3,-2.363525,-1.372314,0.482788
1514764810,3,-2.524414,-1.101807,0.293335
1514764810,3,-2.895386,-0.813965,0.121826
1514764810,3,-3.364136,-0.498657,0.005737
1514764810,3,-4.000000,0.282715,-0.269897
1514764810,3,-4.000000,0.720337,-0.274170
1514764810,3,-4.000000,1.198364,-0.178589
1514764810,3,-4.000000,1.757935,-0.097900
1514764810,3,-4.000000,3.539795,0.694702
1514764810,3,-4.000000,-4.000000,1.091187
1514764810,3,-4.000000,-4.000000,1.465942
1514764810,3,-4.000000,-4.000000,1.855225
1514764810,3,-4.000000,-4.000000,2.559204
1514764810,3,-3.316650,-4.000000,2.809448
1514764810,3,-3.023438,-4.000000,2.980957
1514764810,3,-2.739258,-4.000000,3.198730
1514764810,3,-2.402222,-4.000000,2.848389
1514764810,3,-2.742432,-4.000000,2.541382
1514764810,3,-3.105225,-4.000000,2.090820
1514764810,3,-3.334473,-4.000000,1.644531
1514764810,3,-4.000000,2.922485,0.699097
1514764810,3,-4.000000,2.169922,0.415039
1514764810,3,-4.000000,1.516602,0.204468
1514764810,3,-4.000000,0.956299,0.021606
1514764810,3,-4.000000,0.053345,-0.123047
1514764810,3,-3.744141,-0.302856,-0.119507
1514764810,3,-3.479248,-0.594604,-0.112183
1514764810,3,-3.226074,-0.837280,-0.056763
1514764810,3,-2.455933,-1.208984,0.110352
1514764810,3,-2.112427,-1.340454,0.179321
1514764810,3,-1.919556,-1.456177,0.238037
1514764810,3,-1.845825,-1.565308,0.262695
