1514764801,1,-92.059937,-25.817871,-24.208374
1514764801,3,0.613892,-0.500732,-0.092163
1514764801,1,-91.433716,-26.900024,-24.801636
1514764801,3,0.609131,-0.542603,-0.139771
1514764801,1,-90.834961,-27.998657,-25.400391
1514764801,3,0.634644,-0.586914,-0.154663
1514764801,1,-89.642944,-30.228882,-26.696777
1514764801,3,0.744385,-0.623291,-0.136353
1514764801,1,-89.044189,-31.376953,-27.394409
1514764801,3,0.778564,-0.624756,-0.136963
1514764801,1,-88.434448,-32.541504,-28.125000
1514764801,3,0.807617,-0.628906,-0.136597
1514764801,1,-87.819214,-33.728027,-28.866577
1514764801,3,0.828369,-0.631958,-0.126587
1514764801,1,-86.561279,-36.150513,-30.415649
1514764801,3,0.864380,-0.629028,-0.113525
1514764801,1,-85.880127,-37.380981,-31.228638
1514764801,3,0.888062,-0.630371,-0.130127
1514764801,1,-85.149536,-38.611450,-32.069092
1514764801,3,0.902588,-0.647705,-0.159424
1514764801,1,-84.358521,-39.847412,-32.942505
1514764801,3,0.915649,-0.678101,-0.172852
1514764801,1,-82.683105,-42.308350,-34.766235
1514764801,3,0.958374,-0.747681,-0.187012
1514764801,1,-81.837158,-43.527832,-35.700073
1514764801,3,0.989868,-0.775879,-0.183838
1514764801,1,-81.013184,-44.736328,-36.633911
1514764801,3,1.015137,-0.790283,-0.149414
1514764801,1,-80.211182,-45.928345,-37.573242
1514764801,3,1.068604,-0.782471,-0.095459
1514764801,1,-78.634644,-48.262939,-39.523315
1514764801,3,1.182251,-0.772095,-0.015503
1514764801,1,-77.838135,-49.400024,-40.545044
1514764801,3,1.224365,-0.799805,-0.013306
1514764801,1,-77.030640,-50.509644,-41.616211
1514764801,3,1.260010,-0.852783,-0.018677
1514764801,1,-76.228638,-51.586304,-42.736816
1514764801,3,1.299072,-0.920410,-0.028076
1514764801,1,-74.685059,-53.640747,-45.109863
1514764801,3,1.359009,-1.004028,-0.033325
1514764801,1,-73.981934,-54.624023,-46.351318
1514764801,3,1.402100,-1.011963,-0.028198
1514764801,1,-73.322754,-55.574341,-47.625732
1514764801,3,1.449585,-0.998779,-0.018188
1514764801,1,-72.713013,-56.497192,-48.927612
1514764801,3,1.476929,-0.975586,-0.013794
1514764801,1,-71.636353,-58.276978,-51.624756
1514764801,3,1.508423,-0.904297,-0.020630
1514764801,1,-71.141968,-59.133911,-53.031006
1514764801,3,1.515381,-0.878296,-0.029907
1514764801,1,-70.664062,-59.968872,-54.503174
1514764801,1,-70.191650,-60.781860,-56.019287
1514764801,1,-69.296265,-62.336426,-59.183350
1514764801,3,1.452637,-0.805176,-0.085327
1514764801,1,-68.900757,-63.088989,-60.792847
1514764801,1,-68.538208,-63.825073,-62.407837
1514764801,1,-68.230591,-64.539185,-64.011841
1514764801,1,-67.736206,-65.928955,-67.159424
1514764801,1,-67.593384,-66.593628,-68.648071
1514764801,1,-67.532959,-67.241821,-70.048828
1514764801,1,-67.527466,-67.879028,-71.383667
1514764801,3,1.459717,-0.937744,-0.194092
1514764801,1,-67.521973,-69.087524,-73.981934
1514764801,1,-67.521973,-69.658813,-75.217896
1514764801,1,-67.500000,-70.208130,-76.415405
1514764801,1,-67.434082,-70.740967,-77.612915
1514764801,1,-67.027588,-71.724243,-80.095825
1514764801,1,-66.659546,-72.180176,-81.397705
1514764801,1,-66.187134,-72.603149,-82.732544
1514764801,3,1.285156,-1.109497,-0.230347
1514764801,1,-65.582886,-73.004150,-84.116821
1514764801,1,-64.077759,-73.729248,-86.967773
1514764801,1,-61.160889,-74.630127,-91.411743
1514764801,1,-58.765869,-75.097046,-94.487915
1514764801,1,-57.447510,-75.300293,-96.036987
1514764801,1,-56.068726,-75.487061,-97.586060
1514764801,3,1.092773,-0.930542,-0.213989
1514764801,1,-54.585571,-75.646362,-99.157104
1514764801,1,-52.750854,-75.717773,-101.035767
1514764801,1,-51.756592,-75.734253,-101.953125
1514764801,1,-50.784302,-75.756226,-102.793579
1514764801,1,-49.866943,-75.783691,-103.518677
1514764801,1,-48.213501,-75.877075,-104.611816
1514764801,1,-46.818237,-75.986938,-105.639038
1514764801,1,-45.444946,-76.102295,-106.589355
1514764801,3,0.912842,-0.729126,-0.124390
1514764801,1,-44.099121,-76.217651,-107.479248
1514764801,1,-41.473389,-76.431885,-109.077759
1514764801,1,-40.215454,-76.536255,-109.769897
1514764801,1,-39.001465,-76.651611,-110.385132
1514764801,1,-37.825928,-76.766968,-110.928955
1514764801,1,-35.551758,-77.003174,-111.835327
1514764801,1,-34.392700,-77.080078,-112.252808
1514764801,1,-33.305054,-77.167969,-112.582397
1514764801,3,0.869141,-0.671265,-0.070801
1514764801,1,-32.294312,-77.272339,-112.824097
1514764801,1,-30.410156,-77.497559,-113.126221
1514764801,1,-29.520264,-77.607422,-113.214111
1514764801,1,-28.701782,-77.728271,-113.225098
1514764801,1,-27.943726,-77.854614,-113.175659
1514764801,1,-26.630859,-78.123779,-112.857056
1514764801,1,-26.070557,-78.266602,-112.604370
1514764801,1,-25.565186,-78.409424,-112.296753
1514764801,3,0.867798,-0.569458,-0.022583
1514764801,1,-25.114746,-78.552246,-111.934204
1514764801,1,-24.433594,-78.843384,-111.044312
1514764801,1,-24.224854,-78.986206,-110.494995
1514764801,1,-24.109497,-79.129028,-109.863281
1514764801,1,-24.093018,-79.271851,-109.143677
1514764801,1,-24.312744,-79.535522,-107.490234
1514764801,1,-24.526978,-79.656372,-106.567383
1514764801,1,-24.812622,-79.766235,-105.578613
1514764801,3,0.879517,-0.491333,-0.018677
1514764801,1,-25.186157,-79.865112,-104.512939
1514764801,1,-26.240845,-80.035400,-102.101440
1514764801,1,-26.927490,-80.106812,-100.755615
1514764801,1,-27.696533,-80.161743,-99.343872
1514764801,1,-28.575439,-80.205688,-97.838745
1514764801,1,-30.629883,-80.260620,-94.575806
1514764801,1,-31.777954,-80.260620,-92.839966
1514764801,1,-32.975464,-80.238647,-91.065674
1514764801,3,0.997925,-0.495850,0.016724
1514764801,1,-34.189453,-80.200195,-89.285889
1514764801,1,-36.688843,-80.062866,-85.676880
1514764801,1,-38.001709,-79.963989,-83.820190
1514764801,1,-39.347534,-79.848633,-81.925049
1514764801,1,-40.726318,-79.711304,-80.002441
1514764801,1,-43.527832,-79.370728,-76.113281
1514764801,1,-44.917603,-79.156494,-74.179688
1514764801,3,1.171631,-0.520508,0.041504
1514764801,1,-46.285400,-78.920288,-72.279053
1514764801,1,-47.598267,-78.656616,-70.438843
1514764801,1,-50.042725,-78.035889,-66.939697
1514764801,1,-51.185303,-77.689819,-65.275269
1514764801,1,-52.272949,-77.316284,-63.676758
1514764801,1,-53.305664,-76.915283,-62.127686
1514764801,1,-55.217285,-76.036377,-59.216309
1514764801,3,1.389038,-0.465454,0.085571
1514764801,1,-56.096191,-75.558472,-57.854004
1514764801,1,-56.920166,-75.053101,-56.557617
1514764801,1,-57.694702,-74.520264,-55.332642
1514764801,1,-59.117432,-73.399658,-53.069458
1514764801,1,-59.771118,-72.800903,-52.031250
1514764801,1,-60.386353,-72.185669,-51.053467
1514764801,3,1.506958,-0.374268,0.103027
1514764801,1,-60.985107,-71.553955,-50.125122
1514764801,1,-62.094727,-70.241089,-48.433228
1514764801,1,-62.616577,-69.559937,-47.658691
1514764801,1,-63.127441,-68.867798,-46.922607
1514764801,1,-63.610840,-68.159180,-46.241455
1514764801,1,-64.544678,-66.708984,-44.978027
1514764801,3,1.553467,-0.267822,0.087524
1514764801,1,-65.489502,-65.203857,-43.824463
1514764801,3,1.549683,-0.259277,0.083374
1514764801,1,-65.978394,-64.434814,-43.269653
1514764801,1,-66.956177,-62.874756,-42.247925
1514764801,1,-67.439575,-62.072754,-41.781006
1514764801,1,-67.933960,-61.265259,-41.325073
1514764801,1,-68.428345,-60.446777,-40.891113
1514764801,1,-69.439087,-58.793335,-40.056152
1514764801,3,1.426147,-0.214966,0.067139
1514764801,1,-69.949951,-57.952881,-39.666138
1514764801,1,-70.455322,-57.106934,-39.298096
1514764801,1,-70.971680,-56.255493,-38.935547
1514764801,1,-72.015381,-54.541626,-38.248901
1514764801,1,-72.553711,-53.679199,-37.919312
1514764801,1,-73.097534,-52.822266,-37.589722
1514764801,3,1.272339,-0.236328,0.056396
1514764801,1,-73.635864,-51.959839,-37.282104
1514764801,1,-74.723511,-50.251465,-36.688843
1514764801,1,-75.267334,-49.394531,-36.408691
1514764801,1,-75.805664,-48.543091,-36.139526
1514764801,1,-76.343994,-47.697144,-35.881348
1514764801,1,-77.404175,-46.016235,-35.397949
1514764801,1,-77.931519,-45.186768,-35.167236
1514764801,3,1.108276,-0.248901,0.031494
1514764801,1,-78.447876,-44.357300,-34.936523
1514764801,1,-78.958740,-43.544312,-34.727783
1514764801,1,-79.947510,-41.929321,-34.321289
1514764801,1,-80.419922,-41.138306,-34.140015
1514764801,1,-80.875854,-40.358276,-33.964233
1514764801,1,-81.320801,-39.589233,-33.793945
1514764801,1,-82.166748,-38.084106,-33.475342
1514764801,3,0.938110,-0.213379,-0.009521
1514764801,1,-82.573242,-37.348022,-33.321533
1514764801,1,-82.952271,-36.628418,-33.184204
1514764801,1,-83.320312,-35.914307,-33.046875
1514764801,1,-84.001465,-34.535522,-32.799683
1514764801,1,-84.309082,-33.865356,-32.684326
1514764801,1,-84.605713,-33.211670,-32.579956
1514764801,1,-84.880371,-32.574463,-32.475586
1514764801,3,0.828247,-0.196533,-0.016968
1514764801,1,-85.380249,-31.354980,-32.283325
1514764801,1,-85.599976,-30.767212,-32.195435
1514764801,1,-85.803223,-30.201416,-32.107544
1514764801,1,-85.989990,-29.652100,-32.025146
1514764801,1,-86.303101,-28.608398,-31.876831
1514764801,1,-86.423950,-28.130493,-31.810913
1514764801,1,-86.522827,-27.680054,-31.750488
1514764801,3,0.722168,-0.177490,-0.023193
1514764801,1,-86.610718,-27.251587,-31.690063
1514764801,1,-86.742554,-26.455078,-31.591187
1514764801,1,-86.791992,-26.092529,-31.541748
1514764801,1,-86.846924,-25.894775,-31.497803
1514764801,1,-86.890869,-25.713501,-31.453857
1514764801,1,-86.967773,-25.427856,-31.387939
1514764801,1,-87.000732,-25.312500,-31.365967
1514764801,3,0.640381,-0.140015,-0.042114
1514764801,1,-87.028198,-25.219116,-31.343994
1514764801,1,-87.050171,-25.142212,-31.327515
1514764801,1,-87.088623,-25.054321,-31.311035
1514764801,1,-87.099609,-25.043335,-31.305542
1514764801,1,-87.110596,-25.059814,-31.311035
1514764801,1,-87.116089,-25.092773,-31.316528
1514764801,1,-87.138062,-25.241089,-31.333008
1514764801,3,0.621460,-0.149292,-0.013428
1514764801,1,-87.154541,-25.350952,-31.349487
1514764801,1,-87.171021,-25.477295,-31.371460
1514764801,1,-87.182007,-25.620117,-31.393433
1514764801,1,-87.214966,-25.977173,-31.453857
1514764801,1,-87.236938,-26.191406,-31.492310
1514764801,1,-87.258911,-26.427612,-31.530762
1514764801,1,-87.280884,-26.702271,-31.580200
1514764801,1,-87.319336,-27.339478,-31.690063
1514764801,3,0.666870,-0.129517,0.018066
1514764801,1,-87.335815,-27.707520,-31.761475
1514764801,1,-87.346802,-28.114014,-31.843872
1514764802,1,-87.357788,-28.547974,-31.937256
1514764802,1,-87.390747,-29.503784,-32.156982
1514764802,1,-87.418213,-30.020142,-32.277832
1514764802,1,-87.451172,-30.563965,-32.404175
1514764802,3,0.783447,-0.296631,0.012573
1514764802,1,-87.484131,-31.118774,-32.546997
1514764802,1,-87.561035,-32.041626,-32.871094
1514764802,1,-87.599487,-32.536011,-33.046875
1514764802,1,-87.637939,-33.046875,-33.228149
1514764802,1,-87.676392,-33.574219,-33.425903
1514764802,1,-87.764282,-34.672852,-33.821411
1514764802,1,-87.813721,-35.249634,-34.030151
1514764802,3,0.709717,-0.470093,-0.034302
1514764802,1,-87.874146,-35.831909,-34.238892
1514764802,1,-87.934570,-36.425171,-34.453125
1514764802,1,-88.071899,-37.633667,-34.909058
1514764802,1,-88.143311,-38.248901,-35.150757
1514764802,1,-88.220215,-38.869629,-35.403442
1514764802,1,-88.313599,-39.490356,-35.656128
1514764802,1,-88.505859,-40.720825,-36.177979
1514764802,3,0.623901,-0.650391,0.045654
1514764802,1,-88.604736,-41.336060,-36.441650
1514764802,1,-88.698120,-41.945801,-36.710815
1514764802,1,-88.786011,-42.550049,-36.985474
1514764802,1,-88.950806,-43.725586,-37.534790
1514764802,1,-89.027710,-44.302368,-37.803955
1514764802,1,-89.093628,-44.873657,-38.078613
1514764802,1,-89.148560,-45.439453,-38.364258
1514764802,3,0.736450,-0.867920,0.116455
1514764802,1,-89.208984,-46.560059,-38.946533
1514764802,1,-89.225464,-47.114868,-39.248657
1514764802,1,-89.230957,-47.664185,-39.550781
1514764802,1,-89.241943,-48.208008,-39.847412
1514764802,1,-89.252930,-49.273682,-40.413208
1514764802,1,-89.252930,-49.801025,-40.698853
1514764802,1,-89.252930,-50.328369,-40.979004
1514764802,3,0.773560,-1.057861,0.067627
1514764802,1,-89.252930,-50.844727,-41.248169
1514764802,1,-89.241943,-51.871948,-41.802979
1514764802,1,-89.236450,-52.377319,-42.066650
1514764802,1,-89.219971,-52.888184,-42.330322
1514764802,1,-89.187012,-53.393555,-42.593994
1514764802,1,-89.082642,-54.398804,-43.099365
1514764802,1,-88.994751,-54.904175,-43.363037
1514764802,3,0.870239,-1.261719,-0.100952
1514764802,1,-88.884888,-55.404053,-43.621216
1514764802,1,-88.736572,-55.903931,-43.890381
1514764802,1,-88.395996,-56.881714,-44.417725
1514764802,1,-88.214722,-57.354126,-44.675903
1514764802,1,-88.016968,-57.815552,-44.934082
1514764802,1,-87.819214,-58.260498,-45.192261
1514764802,1,-87.385254,-59.106445,-45.725098
1514764802,3,0.796509,-1.303101,-0.003906
1514764802,1,-87.176514,-59.501953,-45.977783
1514764802,1,-86.973267,-59.875488,-46.219482
1514764802,1,-86.775513,-60.221558,-46.450195
1514764802,1,-86.462402,-60.446777,-46.829224
1514764802,1,-86.330566,-60.518188,-46.988525
1514764802,1,-86.231689,-60.567627,-47.120361
1514764802,1,-86.149292,-60.589600,-47.241211
1514764802,3,0.655273,-1.298340,0.050049
1514764802,1,-86.055908,-60.567627,-47.416992
1514764802,1,-86.055908,-60.523682,-47.471924
1514764802,1,-86.088867,-60.457764,-47.499390
1514764802,1,-86.154785,-60.375366,-47.499390
1514764802,1,-86.352539,-60.139160,-47.438965
1514764802,1,-86.495361,-59.990845,-47.378540
1514764802,1,-86.660156,-59.826050,-47.285156
1514764802,3,0.408447,-1.246094,0.054565
1514764802,1,-86.846924,-59.639282,-47.169800
1514764802,1,-87.231445,-59.216309,-46.873169
1514764802,1,-87.429199,-58.980103,-46.697388
1514764802,1,-87.615967,-58.732910,-46.516113
1514764802,1,-87.802734,-58.474731,-46.312866
1514764802,1,-88.187256,-57.903442,-45.829468
1514764802,1,-88.374023,-57.601318,-45.554810
1514764802,3,0.343384,-1.325928,-0.041382
1514764802,1,-88.544312,-57.293701,-45.269165
1514764802,1,-88.692627,-56.975098,-44.983521
1514764802,1,-88.873901,-56.315918,-44.401245
1514764802,1,-88.912354,-55.980835,-44.126587
1514764802,1,-88.917847,-55.640259,-43.851929
1514764802,1,-88.906860,-55.288696,-43.571777
1514764802,1,-88.807983,-54.558105,-43.011475
1514764802,3,0.404785,-1.247314,0.001831
1514764802,1,-88.725586,-54.179077,-42.725830
1514764802,1,-88.632202,-53.794556,-42.434692
1514764802,1,-88.533325,-53.393555,-42.138062
1514764802,1,-88.330078,-52.575073,-41.511841
1514764802,1,-88.231201,-52.152100,-41.187744
1514764802,1,-88.132324,-51.723633,-40.841675
1514764802,1,-88.049927,-51.289673,-40.484619
1514764802,3,0.447632,-1.223633,-0.024902
1514764802,1,-87.885132,-50.421753,-39.759521
1514764802,1,-87.819214,-49.987793,-39.380493
1514764802,1,-87.753296,-49.553833,-38.995972
1514764802,1,-87.698364,-49.125366,-38.611450
1514764802,1,-87.604980,-48.251953,-37.820435
1514764802,1,-87.583008,-47.812500,-37.408447
1514764802,1,-87.566528,-47.373047,-36.990967
1514764802,3,0.470215,-1.120361,-0.087891
1514764802,1,-87.566528,-46.922607,-36.562500
1514764802,1,-87.610474,-46.005249,-35.678101
1514764802,1,-87.648926,-45.527344,-35.216675
1514764802,1,-87.703857,-45.038452,-34.738770
1514764802,1,-87.758789,-44.544067,-34.249878
1514764802,1,-87.879639,-43.533325,-33.244629
1514764802,1,-87.940063,-43.027954,-32.722778
1514764802,3,0.483276,-1.158325,-0.100342
1514764802,1,-88.011475,-42.517090,-32.178955
1514764802,1,-88.093872,-42.006226,-31.624146
1514764802,1,-88.242188,-41.066895,-30.476074
1514764802,1,-88.324585,-40.632935,-29.882812
1514764802,1,-88.417969,-40.187988,-29.278564
1514764802,1,-88.527832,-39.737549,-28.652344
1514764802,1,-88.780518,-38.809204,-27.377930
1514764802,3,0.465454,-1.085205,-0.161011
1514764802,1,-88.917847,-38.331299,-26.729736
1514764802,1,-89.055176,-37.842407,-26.076050
1514764802,1,-89.197998,-37.348022,-25.416870
1514764802,1,-89.472656,-36.320801,-24.082031
1514764802,1,-89.604492,-35.804443,-23.406372
1514764802,1,-89.725342,-35.277100,-22.719727
1514764802,1,-89.840698,-34.749756,-22.033081
1514764802,3,0.475586,-1.080566,-0.218018
1514764802,1,-90.065918,-33.673096,-20.610352
1514764802,1,-90.170288,-33.129272,-19.885254
1514764802,1,-90.269165,-32.585449,-19.149170
1514764802,1,-90.373535,-32.036133,-18.407593
1514764802,1,-90.609741,-30.915527,-16.891479
1514764802,1,-90.730591,-30.344238,-16.122437
1514764802,1,-90.862427,-29.767456,-15.353394
1514764802,3,0.455811,-1.024170,-0.221680
1514764802,1,-90.994263,-29.179688,-14.578857
1514764802,1,-91.241455,-27.987671,-13.013306
1514764802,1,-91.362305,-27.394409,-12.216797
1514764802,1,-91.472168,-26.806641,-11.420288
1514764802,1,-91.587524,-26.229858,-10.629272
1514764802,1,-91.796265,-25.098267,-9.036255
1514764802,1,-91.889648,-24.548950,-8.239746
1514764802,3,0.485596,-0.919922,-0.228271
1514764802,1,-91.972046,-24.005127,-7.443237
1514764802,1,-92.026978,-23.477783,-6.657715
1514764802,1,-92.081909,-22.439575,-5.108643
1514764802,1,-92.087402,-21.928711,-4.328613
1514764802,1,-92.070923,-21.428833,-3.570557
1514764802,1,-92.021484,-20.934448,-2.828979
1514764802,3,0.533447,-1.053955,-0.291626
1514764802,1,-91.867676,-19.995117,-1.351318
1514764802,1,-91.779785,-19.544678,-0.604248
1514764802,1,-91.680908,-19.121704,0.137329
1514764802,1,-91.571045,-18.715210,0.878906
1514764802,1,-91.312866,-17.951660,2.318115
1514764802,1,-91.175537,-17.594604,3.026733
1514764802,3,0.502563,-0.933228,-0.349121
1514764802,1,-91.032715,-17.248535,3.740845
1514764802,1,-90.889893,-16.924438,4.454956
1514764802,1,-90.604248,-16.314697,5.905151
1514764802,1,-90.455933,-16.040039,6.630249
1514764802,1,-90.302124,-15.781860,7.355347
1514764802,3,0.440918,-0.795410,-0.449585
1514764802,1,-90.137329,-15.534668,8.080444
1514764802,1,-89.796753,-15.073242,9.569092
1514764802,1,-89.609985,-14.859009,10.321655
1514764802,1,-89.406738,-14.650269,11.068726
1514764802,1,-89.187012,-14.458008,11.810303
1514764802,1,-88.698120,-14.078979,13.276978
1514764802,3,0.474487,-0.868042,-0.453125
1514764802,1,-88.439941,-13.897705,14.024048
1514764802,1,-88.187256,-13.716431,14.776611
1514764802,1,-87.929077,-13.540649,15.545654
1514764802,1,-87.429199,-13.194580,17.089233
1514764802,1,-87.187500,-13.029785,17.858276
1514764802,1,-86.962280,-12.864990,18.627319
1514764802,3,0.338013,-0.789551,-0.479980
1514764802,1,-86.737061,-12.711182,19.396362
1514764802,1,-86.330566,-12.414551,20.961914
1514764802,1,-86.143799,-12.277222,21.758423
1514764802,1,-85.973511,-12.145386,22.560425
1514764802,1,-85.808716,-12.013550,23.362427
1514764802,1,-85.517578,-11.788330,24.988403
1514764802,3,0.279663,-0.686279,-0.550293
1514764802,1,-85.385742,-11.683960,25.795898
1514764802,1,-85.264893,-11.585083,26.608887
1514764802,1,-85.149536,-11.497192,27.416382
1514764802,1,-84.935303,-11.337891,29.031372
1514764802,1,-84.836426,-11.271973,29.844360
1514764802,1,-84.748535,-11.206055,30.662842
1514764802,3,0.280762,-0.665283,-0.588989
1514764802,1,-84.666138,-11.145630,31.486816
1514764802,1,-84.550781,-11.019287,33.134766
1514764802,1,-84.523315,-10.953369,33.953247
1514764802,1,-84.512329,-10.892944,34.766235
1514764802,1,-84.512329,-10.827026,35.573730
1514764802,1,-84.578247,-10.700684,37.161255
1514764802,3,0.209717,-0.572021,-0.522095
1514764802,1,-84.633179,-10.640259,37.952271
1514764802,1,-84.699097,-10.579834,38.743286
1514764802,1,-84.781494,-10.513916,39.528809
1514764802,1,-84.979248,-10.382080,41.099854
1514764802,1,-85.094604,-10.316162,41.874390
1514764802,1,-85.220947,-10.250244,42.643433
1514764802,3,0.206787,-0.644043,-0.430542
1514764802,1,-85.352783,-10.178833,43.395996
1514764802,1,-85.638428,-10.030518,44.873657
1514764802,1,-85.770264,-9.953613,45.598755
1514764802,1,-85.902100,-9.876709,46.329346
1514764802,1,-86.022949,-9.794312,47.054443
1514764802,1,-86.253662,-9.618530,48.493652
1514764802,3,0.234985,-0.600586,-0.341675
1514764802,1,-86.352539,-9.514160,49.196777
1514764802,1,-86.434937,-9.409790,49.883423
1514764802,1,-86.506348,-9.288940,50.548096
1514764802,1,-86.643677,-9.036255,51.811523
1514764802,1,-86.709595,-8.898926,52.410278
1514764802,3,0.271240,-0.601929,-0.194214
1514764802,1,-86.781006,-8.750610,52.998047
1514764802,1,-86.857910,-8.591309,53.574829
1514764802,1,-87.033691,-8.250732,54.689941
1514764802,1,-87.132568,-8.063965,55.228271
1514764802,1,-87.242432,-7.871704,55.744629
1514764802,1,-87.374268,-7.668457,56.244507
1514764802,3,0.253906,-0.539429,-0.083618
1514764802,1,-87.676392,-7.239990,57.167358
1514764802,1,-87.846680,-7.009277,57.601318
1514764802,1,-88.022461,-6.773071,58.029785
1514764802,1,-88.220215,-6.569824,58.430786
1514764802,1,-88.626709,-6.146851,59.133911
1514764802,3,0.269165,-0.609863,0.001099
1514764802,1,-88.840942,-5.927124,59.436035
1514764803,1,-89.071655,-5.696411,59.705200
1514764803,1,-89.318848,-5.443726,59.957886
1514764803,1,-89.851685,-4.899902,60.430298
1514764803,1,-90.137329,-4.608765,60.650024
1514764803,3,0.240845,-0.473877,-0.055298
1514764803,1,-90.439453,-4.306641,60.864258
1514764803,1,-90.741577,-4.004517,61.067505
1514764803,1,-91.367798,-3.411255,61.441040
1514764803,1,-91.686401,-3.125610,61.600342
1514764803,1,-92.015991,-2.823486,61.732178
1514764803,1,-92.345581,-2.504883,61.836548
1514764803,3,0.147583,-0.307861,0.066162
1514764803,1,-93.004761,-1.823730,62.006836
1514764803,1,-93.339844,-1.466675,62.061768
1514764803,1,-93.735352,-1.082153,62.100220
1514764803,1,-94.141846,-0.692139,62.105713
1514764803,1,-94.998779,0.109863,62.028809
1514764803,3,0.039185,-0.485352,0.056396
1514764803,1,-95.438232,0.521851,61.957397
1514764803,1,-95.888672,0.950317,61.880493
1514764803,1,-96.355591,1.384277,61.781616
1514764803,1,-97.366333,2.301636,61.517944
1514764803,1,-97.921143,2.779541,61.336670
1514764803,3,-0.099487,-0.323364,-0.147949
1514764803,1,-98.508911,3.268433,61.122437
1514764803,1,-99.146118,3.768311,60.875244
1514764803,1,-100.552368,4.822998,60.276489
1514764803,1,-101.315918,5.372314,59.924927
1514764803,1,-102.106934,5.949097,59.551392
1514764803,3,-0.369751,-0.249390,-0.630859
1514764803,1,-102.897949,6.542358,59.139404
1514764803,1,-104.452515,7.811279,58.271484
1514764803,1,-105.183105,8.492432,57.826538
1514764803,1,-105.880737,9.195557,57.365112
1514764803,1,-106.556396,9.926147,56.876221
1514764803,3,-0.209351,-0.639771,-0.977173
1514764803,1,-107.880249,11.480713,55.838013
1514764803,1,-108.561401,12.304688,55.283203
1514764803,1,-109.270020,13.161621,54.706421
1514764803,1,-110.000610,14.046021,54.107666
1514764803,1,-111.516724,15.869751,52.855225
1514764803,1,-112.296753,16.809082,52.212524
1514764803,3,-0.624878,-0.255127,-0.867310
1514764803,1,-113.093262,17.764893,51.564331
1514764803,1,-113.911743,18.737183,50.916138
1514764803,1,-115.631104,20.736694,49.597778
1514764803,1,-116.531982,21.758423,48.922119
1514764803,1,-117.449341,22.796631,48.235474
1514764803,1,-118.355713,23.845825,47.537842
1514764803,3,-0.520264,-0.638550,-0.937012
1514764803,1,-120.146484,25.944214,46.093140
1514764803,1,-121.091309,26.976929,45.329590
1514764803,1,-122.085571,27.998657,44.544067
1514764803,1,-123.118286,29.020386,43.747559
1514764803,1,-125.321045,31.041870,42.143555
1514764803,1,-126.480103,32.036133,41.347046
1514764803,3,-0.662354,-0.530640,-0.329468
1514764803,3,-0.757446,-0.481812,-0.216309
1514764803,1,-128.886108,33.980713,39.814453
1514764803,1,-131.440430,35.809937,38.369751
1514764803,1,-132.764282,36.661377,37.666626
1514764803,1,-134.132080,37.463379,36.968994
1514764803,1,-135.532837,38.204956,36.271362
1514764803,3,-1.024902,-0.970093,-0.005127
1514764803,3,-0.910278,-1.131592,0.046631
1514764803,1,-139.894409,40.127563,34.112549
1514764803,1,-141.361084,40.687866,33.365479
1514764803,1,-142.800293,41.215210,32.607422
1514764803,1,-145.475464,42.187500,31.074829
1514764803,1,-146.667480,42.615967,30.289307
1514764803,3,-0.590454,-1.622559,-0.348145
1514764803,1,-147.777100,43.000488,29.492798
1514764803,1,-148.809814,43.324585,28.679810
1514764803,1,-150.732422,43.906860,26.856079
1514764803,1,-150.650024,44.313354,26.114502
1514764803,1,-149.924927,44.637451,25.411377
1514764803,1,-151.484985,43.879395,24.093018
1514764803,3,0.507080,-3.952271,3.797974
1514764803,1,-156.423340,40.215454,19.275513
1514764803,1,-157.807617,38.100586,16.622314
1514764803,1,-158.362427,36.771240,14.584351
1514764803,1,-159.164429,35.870361,13.375854
1514764803,1,-159.999390,36.057129,13.046265
1514764803,1,-160.438843,36.677856,13.765869
1514764803,3,0.387817,2.078003,-4.000000
1514764803,1,-161.048584,36.936035,14.271240
1514764803,1,-162.064819,36.348267,13.798828
1514764803,1,-164.014893,35.628662,13.073730
1514764803,1,-164.827881,35.359497,12.766113
1514764803,1,-165.498047,35.233154,12.694702
1514764803,1,-166.107788,35.073853,12.711182
1514764803,3,-1.213989,-0.187744,-1.895874
1514764803,1,-167.453613,34.755249,12.925415
1514764803,1,-168.118286,34.694824,13.057251
1514764803,1,-168.826904,34.617920,13.145142
1514764803,1,-169.508057,34.524536,13.205566
1514764803,1,-171.002197,34.552002,13.320923
1514764803,1,-171.820679,34.584961,13.414307
1514764803,3,-0.657471,0.144653,-1.637939
1514764803,1,-172.595215,34.595947,13.502197
1514764803,1,-173.364258,34.617920,13.612061
1514764803,1,-174.748535,34.755249,13.864746
1514764803,1,-175.330811,34.859619,14.018555
1514764803,1,-175.814209,35.007935,14.172363
1514764803,1,-176.259155,35.167236,14.331665
1514764803,3,-0.232422,0.171875,-0.936646
1514764803,1,-177.011719,35.469360,14.650269
1514764803,1,-177.379761,35.639648,14.787598
1514764803,1,-177.709351,35.815430,14.919434
1514764803,1,-177.945557,35.980225,15.095215
1514764803,1,-178.214722,36.205444,15.479736
1514764803,1,-178.417969,36.342773,15.534668
1514764803,3,-0.519897,0.215454,-0.567383
1514764803,1,-178.753052,36.491089,15.441284
1514764803,1,-179.197998,36.661377,15.260010
1514764803,1,179.620972,36.826172,14.765625
1514764803,1,179.066162,36.820679,14.490967
1514764803,1,178.588257,36.798706,14.238281
1514764803,1,178.181763,36.782227,13.996582
1514764803,3,-1.003418,0.593628,-0.656128
1514764803,1,177.632446,36.743774,13.595581
1514764803,1,177.484131,36.639404,13.419800
1514764803,1,177.401733,36.474609,13.282471
1514764803,1,177.352295,36.249390,13.167114
1514764803,1,177.407227,35.639648,13.057251
1514764803,3,-0.772583,0.128052,-1.057007
1514764803,1,177.517090,35.266113,13.062744
1514764803,1,177.687378,34.876099,13.112183
1514764803,1,177.907104,34.486084,13.205566
1514764803,1,178.412476,33.733521,13.474731
1514764803,1,178.692627,33.376465,13.645020
1514764803,3,-0.336182,-0.157104,-0.926514
1514764803,1,178.989258,33.019409,13.820801
1514764803,1,179.291382,32.695312,14.002075
1514764803,1,179.846191,32.107544,14.370117
1514764803,1,-179.923096,31.838379,14.534912
1514764803,1,-179.741821,31.602173,14.683228
1514764803,1,-179.609985,31.393433,14.809570
1514764803,3,-0.203735,0.009399,-0.818604
1514764803,1,-179.456177,31.074829,15.007324
1514764803,1,-179.456177,30.970459,15.078735
1514764803,1,-179.478149,30.899048,15.161133
1514764803,1,-179.566040,30.838623,15.205078
1514764803,1,-179.813232,30.778198,15.249023
1514764803,1,-179.945068,30.772705,15.260010
1514764803,3,-0.297974,0.197021,-1.041382
1514764803,1,179.945068,30.778198,15.260010
1514764803,1,179.868164,30.811157,15.270996
1514764803,1,179.780273,30.959473,15.309448
1514764803,1,179.758301,31.063843,15.331421
1514764803,1,179.741821,31.179199,15.358887
1514764803,3,-0.415894,0.119873,-0.881958
1514764803,1,179.741821,31.305542,15.380859
1514764803,1,179.758301,31.569214,15.441284
1514764803,1,179.774780,31.712036,15.474243
1514764803,1,179.807739,31.849365,15.512695
1514764803,1,179.840698,31.975708,15.551147
1514764803,1,179.906616,32.195435,15.633545
1514764803,3,-0.540283,0.056274,-0.936523
1514764803,1,179.934082,32.272339,15.666504
1514764803,1,179.961548,32.343750,15.699463
1514764803,1,179.983521,32.404175,15.726929
1514764803,1,-179.983521,32.486572,15.770874
1514764803,1,-179.978027,32.530518,15.792847
1514764803,3,-0.533691,0.049805,-0.920532
1514764803,1,-179.983521,32.568970,15.809326
1514764803,1,-179.989014,32.612915,15.831299
1514764803,1,179.978027,32.684326,15.875244
1514764803,1,179.961548,32.717285,15.902710
1514764803,1,179.934082,32.744751,15.930176
1514764803,1,179.901123,32.766724,15.957642
1514764803,3,-0.561646,0.021118,-0.857056
1514764803,1,179.807739,32.788696,16.018066
1514764803,1,179.747314,32.783203,16.056519
1514764803,1,179.681396,32.772217,16.100464
1514764803,1,179.615479,32.761230,16.144409
1514764803,1,179.461670,32.706299,16.232300
1514764803,3,-0.526123,0.038818,-0.929321
1514764803,1,179.368286,32.673340,16.276245
1514764803,1,179.274902,32.640381,16.314697
1514764803,1,179.176025,32.607422,16.347656
1514764803,1,179.011230,32.557983,16.408081
1514764803,1,178.972778,32.541504,16.457520
1514764803,3,-0.493652,0.020508,-0.838501
1514764803,1,178.950806,32.530518,16.523438
1514764803,1,178.945312,32.519531,16.594849
1514764803,1,179.022217,32.503052,16.814575
1514764803,1,179.093628,32.503052,16.962891
1514764803,1,179.187012,32.503052,17.133179
1514764803,1,179.291382,32.514038,17.308960
1514764803,3,-0.438354,-0.186035,-0.828369
1514764803,1,179.494629,32.552490,17.677002
1514764803,1,179.604492,32.579956,17.852783
1514764803,1,179.719849,32.629395,18.034058
1514764803,1,179.824219,32.684326,18.193359
1514764803,1,-179.994507,32.821655,18.457031
1514764803,3,-0.465942,-0.000244,-0.883179
1514764803,1,-179.939575,32.898560,18.566895
1514764803,1,-179.901123,33.002930,18.665771
1514764803,1,-179.895630,33.123779,18.742676
1514764803,1,179.983521,33.338013,18.781128
1514764803,1,179.879150,33.431396,18.759155
1514764803,1,179.730835,33.541260,18.709717
1514764803,3,-0.555420,0.303589,-0.896240
1514764803,1,179.582520,33.656616,18.638306
1514764803,1,179.192505,33.837891,18.413086
1514764803,1,179.022217,33.920288,18.292236
1514764803,1,178.884888,34.013672,18.187866
1514764803,1,178.736572,34.096069,18.072510
1514764803,3,-0.609253,0.229370,-0.862671
1514764803,1,178.505859,34.216919,17.874756
1514764803,1,178.412476,34.271851,17.786865
1514764803,1,178.352051,34.321289,17.720947
1514764803,1,178.302612,34.376221,17.655029
1514764803,1,178.242188,34.464111,17.523193
1514764803,3,-0.582397,0.030273,-0.832520
1514764803,1,178.247681,34.519043,17.462769
1514764803,1,178.264160,34.590454,17.407837
1514764803,1,178.302612,34.661865,17.358398
1514764803,1,178.395996,34.793701,17.243042
1514764803,1,178.461914,34.870605,17.182617
1514764803,1,178.538818,34.963989,17.127686
1514764803,3,-0.523804,0.104004,-0.684692
1514764803,1,178.632202,35.051880,17.089233
1514764803,1,178.829956,35.233154,17.028809
1514764803,1,178.934326,35.315552,17.006836
1514764803,1,179.022217,35.381470,16.995850
1514764803,1,179.093628,35.458374,16.979370
1514764803,3,-0.567871,0.097900,-0.797974
1514764803,1,179.219971,35.579224,16.973877
1514764803,1,179.285889,35.623169,16.968384
1514764803,1,179.329834,35.628662,16.951904
1514764803,1,179.379272,35.628662,16.946411
1514764803,1,179.483643,35.628662,16.929932
1514764803,3,-0.563110,0.182495,-1.110718
1514764804,1,179.505615,35.606689,16.902466
1514764804,1,179.511108,35.579224,16.864014
1514764804,1,179.505615,35.557251,16.820068
1514764804,1,179.467163,35.485840,16.704712
1514764804,1,179.461670,35.452881,16.633301
1514764804,1,179.489136,35.419922,16.578369
1514764804,3,-0.519409,0.054932,-0.890259
1514764804,1,179.549561,35.392456,16.528931
1514764804,1,179.725342,35.354004,16.479492
1514764804,1,179.829712,35.354004,16.468506
1514764804,1,179.928589,35.354004,16.446533
1514764804,1,-179.972534,35.375977,16.424561
1514764804,3,-0.455322,0.000610,-0.751587
1514764804,1,-179.818726,35.436401,16.358643
1514764804,1,-179.774780,35.480347,16.303711
1514764804,1,-179.741821,35.524292,16.243286
1514764804,1,-179.708862,35.568237,16.171875
1514764804,1,-179.659424,35.645142,16.062012
1514764804,1,-179.653931,35.672607,16.001587
1514764804,3,-0.553101,0.051514,-0.870239
1514764804,1,-179.659424,35.689087,15.935669
1514764804,1,-179.686890,35.711060,15.858765
1514764804,1,-179.714355,35.744019,15.710449
1514764804,1,-179.725342,35.765991,15.633545
1514764804,1,-179.719849,35.776978,15.562134
1514764804,1,-179.708862,35.782471,15.490723
1514764804,3,-0.614136,0.049316,-0.898193
1514764804,1,-179.637451,35.776978,15.336914
1514764804,1,-179.577026,35.771484,15.254517
1514764804,1,-179.494629,35.760498,15.172119
1514764804,1,-179.406738,35.738525,15.089722
1514764804,1,-179.181519,35.711060,14.924927
1514764804,1,-179.049683,35.694580,14.848022
1514764804,3,-0.555542,0.045776,-0.844116
1514764804,1,-178.917847,35.689087,14.782104
1514764804,1,-178.775024,35.683594,14.727173
1514764804,1,-178.450928,35.689087,14.628296
1514764804,1,-178.291626,35.689087,14.595337
1514764804,1,-178.115845,35.683594,14.573364
1514764804,1,-177.951050,35.678101,14.556885
1514764804,3,-0.603027,-0.064575,-0.845581
1514764804,1,-177.643433,35.628662,14.540405
1514764804,1,-177.495117,35.601196,14.534912
1514764804,1,-177.368774,35.568237,14.523926
1514764804,1,-177.264404,35.535278,14.474487
1514764804,1,-177.132568,35.480347,14.381104
1514764804,1,-177.099609,35.447388,14.315186
1514764804,3,-0.580688,0.031982,-0.894653
1514764804,1,-177.094116,35.436401,14.238281
1514764804,1,-177.105103,35.414429,14.150391
1514764804,1,-177.039185,35.354004,14.018555
1514764804,1,-176.973267,35.315552,13.958130
1514764804,1,-176.896362,35.260620,13.903198
1514764804,1,-176.797485,35.200195,13.859253
1514764804,3,-0.572021,-0.043213,-0.883789
1514764804,1,-176.583252,35.051880,13.765869
1514764804,1,-176.462402,34.969482,13.727417
1514764804,1,-176.341553,34.865112,13.677979
1514764804,1,-176.242676,34.744263,13.639526
1514764804,1,-176.105347,34.425659,13.529663
1514764804,1,-176.072388,34.249878,13.452759
1514764804,3,-0.601196,0.034180,-1.034058
1514764804,1,-176.055908,34.085083,13.342896
1514764804,1,-176.033936,33.947754,13.227539
1514764804,1,-175.946045,33.574219,13.018799
1514764804,1,-175.863647,33.343506,12.908936
1514764804,1,-175.770264,33.079834,12.793579
1514764804,1,-175.627441,32.860107,12.683716
1514764804,3,-0.523926,0.058228,-1.032837
1514764804,1,-175.292358,32.393188,12.496948
1514764804,1,-175.111084,32.211914,12.409058
1514764804,1,-174.874878,32.014160,12.326660
1514764804,1,-174.627686,31.788940,12.255249
1514764804,1,-174.067383,31.409912,12.117920
1514764804,1,-173.737793,31.245117,12.073975
1514764804,3,-0.600220,-0.069458,-0.957886
1514764804,1,-173.364258,31.063843,12.019043
1514764804,1,-172.979736,30.882568,11.980591
1514764804,1,-172.238159,30.454102,11.936646
1514764804,1,-171.826172,30.250854,11.892700
1514764804,1,-171.430664,30.003662,11.832275
1514764804,1,-171.046143,29.750977,11.771851
1514764804,3,-0.506348,0.012329,-1.154663
1514764804,1,-170.139771,29.306030,11.607056
1514764804,1,-169.661865,29.069824,11.524658
1514764804,1,-169.178467,28.833618,11.442261
1514764804,1,-168.667603,28.597412,11.370850
1514764804,1,-167.596436,28.201904,11.228027
1514764804,1,-167.080078,28.037109,11.195068
1514764804,3,-0.462036,-0.066040,-0.961060
1514764804,1,-166.525269,27.905273,11.184082
1514764804,1,-165.997925,27.811890,11.200562
1514764804,1,-165.036621,27.680054,11.293945
1514764804,1,-164.586182,27.614136,11.359863
1514764804,1,-164.152222,27.559204,11.431274
1514764804,1,-163.723755,27.531738,11.519165
1514764804,3,-0.513184,-0.036621,-0.944336
1514764804,1,-162.718506,27.745972,11.887207
1514764804,1,-162.465820,27.954712,12.030029
1514764804,1,-162.322998,28.251343,12.183838
1514764804,1,-162.229614,28.520508,12.326660
1514764804,1,-162.108765,29.025879,12.568359
1514764804,1,-162.064819,29.251099,12.678223
1514764804,3,-0.444580,-0.015747,-0.976807
1514764804,1,-162.020874,29.454346,12.799072
1514764804,1,-161.971436,29.641113,12.930908
1514764804,1,-161.823120,30.031128,13.249512
1514764804,1,-161.707764,30.245361,13.436279
1514764804,1,-161.570435,30.470581,13.639526
1514764804,1,-161.405640,30.706787,13.859253
1514764804,3,-0.463501,-0.369263,-0.903320
1514764804,1,-161.015625,31.190186,14.326172
1514764804,1,-160.806885,31.437378,14.562378
1514764804,1,-160.592651,31.679077,14.798584
1514764804,1,-160.372925,31.920776,15.040283
1514764804,1,-159.911499,32.398682,15.512695
1514764804,1,-159.680786,32.640381,15.748901
1514764804,1,-159.461060,32.882080,15.985107
1514764804,3,-0.527222,-0.353760,-0.859131
1514764804,1,-159.246826,33.134766,16.215820
1514764804,1,-158.851318,33.678589,16.677246
1514764804,1,-158.670044,33.958740,16.918945
1514764804,1,-158.499756,34.255371,17.155151
1514764804,1,-158.351440,34.552002,17.396851
1514764804,1,-158.060303,35.145264,17.874756
1514764804,3,-0.504517,-0.183350,-0.854004
1514764804,1,-157.911987,35.436401,18.110962
1514764804,1,-157.747192,35.727539,18.358154
1514764804,1,-157.560425,36.018677,18.610840
1514764804,1,-157.126465,36.584473,19.154663
1514764804,1,-156.862793,36.853638,19.451294
1514764804,1,-156.555176,37.117310,19.758911
1514764804,3,-0.485474,-0.358887,-0.687866
1514764804,1,-156.209106,37.369995,20.083008
1514764804,1,-155.456543,37.825928,20.753174
1514764804,1,-155.066528,38.040161,21.093750
1514764804,1,-154.671021,38.237915,21.428833
1514764804,1,-154.264526,38.435669,21.769409
1514764804,1,-153.457031,38.842163,22.450562
1514764804,3,-0.583496,-0.458984,-0.659790
1514764804,1,-153.067017,39.056396,22.785645
1514764804,1,-152.704468,39.276123,23.120728
1514764804,1,-152.352905,39.501343,23.455811
1514764804,1,-151.677246,39.973755,24.109497
1514764804,1,-151.364136,40.215454,24.433594
1514764804,1,-151.051025,40.446167,24.752197
1514764804,3,-0.743652,-0.300049,-0.843872
1514764804,1,-150.721436,40.682373,25.076294
1514764804,1,-150.007324,41.127319,25.768433
1514764804,1,-149.633789,41.347046,26.130981
1514764804,1,-149.243774,41.561279,26.510010
1514764804,1,-148.842773,41.775513,26.900024
1514764804,1,-148.013306,42.198486,27.696533
1514764804,3,-0.531494,-0.341064,-0.712891
1514764804,1,-147.584839,42.401733,28.103027
1514764804,1,-147.156372,42.604980,28.515015
1514764804,1,-146.716919,42.802734,28.927002
1514764804,1,-145.838013,43.203735,29.761963
1514764804,1,-145.415039,43.401489,30.168457
1514764804,1,-145.008545,43.604736,30.569458
1514764804,3,-0.605469,-0.360718,-0.576172
1514764804,1,-144.662476,43.824463,30.953979
1514764804,1,-144.030762,44.302368,31.695557
1514764804,1,-143.712158,44.549561,32.069092
1514764804,1,-143.377075,44.791260,32.459106
1514764804,1,-143.036499,45.027466,32.865601
1514764804,1,-142.377319,45.466919,33.695068
1514764804,3,-0.689453,-0.422363,-0.655762
1514764804,1,-142.053223,45.670166,34.107056
1514764804,1,-141.734619,45.862427,34.519043
1514764804,1,-141.416016,46.038208,34.925537
1514764804,1,-140.789795,46.389771,35.755005
1514764804,1,-140.476685,46.565552,36.172485
1514764804,1,-140.169067,46.746826,36.595459
1514764804,3,-0.706787,-0.478760,-0.732422
1514764804,3,-0.714355,-0.468506,-0.729004
1514764804,1,-139.224243,47.323608,37.891846
1514764804,1,-138.856201,47.559814,38.375244
1514764804,1,-138.482666,47.796021,38.864136
1514764804,1,-138.098145,48.032227,39.364014
1514764804,1,-137.274170,48.515625,40.391235
1514764804,3,-0.757812,-0.389160,-0.721313
1514764804,3,-0.750000,-0.400391,-0.710449
1514764804,1,-136.384277,49.004517,41.484375
1514764804,1,-135.900879,49.257202,42.061157
1514764804,1,-134.868164,49.762573,43.269653
1514764804,1,-134.324341,50.009766,43.890381
1514764804,1,-133.775024,50.256958,44.522095
1514764804,3,-0.674561,-0.526611,-0.589600
1514764804,3,-0.685547,-0.535156,-0.573853
1514764804,1,-132.055664,51.020508,46.499634
1514764804,1,-131.462402,51.284180,47.208252
1514764804,1,-130.852661,51.564331,47.938843
1514764804,1,-130.215454,51.844482,48.702393
1514764804,1,-128.864136,52.415771,50.284424
1514764804,3,-0.753540,-0.471680,-0.487915
1514764804,3,-0.748535,-0.478882,-0.466797
1514764804,1,-127.413940,52.987061,51.959839
1514764804,1,-126.650391,53.278198,52.827759
1514764804,1,-125.046387,53.849487,54.613037
1514764804,1,-124.200439,54.135132,55.530396
1514764804,1,-123.343506,54.409790,56.464233
1514764804,3,-0.730835,-0.470215,-0.341553
1514764804,1,-122.475586,54.673462,57.403564
1514764804,1,-120.745239,55.184326,59.304199
1514764804,1,-119.893799,55.426025,60.260010
1514764804,1,-119.047852,55.656738,61.215820
1514764804,1,-118.201904,55.887451,62.177124
1514764804,1,-116.493530,56.321411,64.121704
1514764804,3,-0.707153,-0.453735,-0.376343
1514764804,3,-0.713257,-0.452026,-0.382446
1514764804,1,-114.752197,56.722412,66.104736
1514764804,1,-113.851318,56.909180,67.115479
1514764804,1,-111.950684,57.255249,69.230347
1514764804,1,-110.961914,57.409058,70.323486
1514764804,1,-109.956665,57.551880,71.438599
1514764804,3,-0.627563,-0.501221,-0.215576
1514764804,3,-0.614136,-0.498535,-0.180298
1514764804,1,-106.902466,57.881470,74.816895
1514764804,1,-105.880737,57.958374,75.937500
1514764804,1,-104.859009,58.024292,77.063599
1514764804,1,-103.837280,58.068237,78.189697
1514764804,1,-101.826782,58.117676,80.430908
1514764804,3,-0.584839,-0.428467,-0.003784
1514764804,1,-100.843506,58.117676,81.546021
1514764804,1,-99.893188,58.106689,82.633667
1514764804,1,-98.981323,58.084717,83.693848
1514764804,1,-97.272949,57.996826,85.731812
1514764804,1,-96.470947,57.941895,86.731567
1514764804,1,-95.685425,57.870483,87.720337
1514764804,3,-0.699341,-0.404663,0.044556
1514764804,1,-94.910889,57.793579,88.725586
