0.0,1.0296007542708
0.005025125628140704,1.0341521479482603
0.010050251256281407,1.0355292508785061
0.01507537688442211,1.0354444941173815
0.020100502512562814,1.0357045675944467
0.02512562814070352,1.0372720783796312
0.03015075376884422,1.0360365483504914
0.035175879396984924,1.037986348304254
0.04020100502512563,1.0407944921270482
0.04522613065326633,1.0422556491672281
0.05025125628140704,1.0428512118734867
0.05527638190954774,1.0426188066009552
0.06030150753768844,1.0440729899686134
0.06532663316582915,1.0446440469394347
0.07035175879396985,1.0480238043193486
0.07537688442211056,1.0477065243855266
0.08040201005025126,1.0455035566797464
0.08542713567839195,1.0412547280593736
0.09045226130653267,1.0386346773745812
0.09547738693467336,1.0372274987547332
0.10050251256281408,1.0347423705782999
0.10552763819095477,1.0367626506944587
0.11055276381909548,1.03148567249623
0.11557788944723618,1.0274344705230598
0.12060301507537688,1.0229679603604407
0.12562814070351758,1.0144771872649478
0.1306532663316583,1.008420969854356
0.135678391959799,1.00897364422962
0.1407035175879397,1.0069401751395164
0.1457286432160804,1.0087093427687681
0.15075376884422112,1.0070586322806632
0.15577889447236182,1.0015917500988114
0.16080402010050251,0.9988755695170445
0.1658291457286432,0.9912147128311807
0.1708542713567839,0.9898988294300585
0.17587939698492464,0.9917829037027206
0.18090452261306533,0.9879219726643396
0.18592964824120603,0.9766164357679016
0.19095477386934673,0.9724180633097063
0.19597989949748745,0.969930790600546
0.20100502512562815,0.9705139313760519
0.20603015075376885,0.9761579867649498
0.21105527638190955,0.9782381247697312
0.21608040201005024,0.9834409920956112
0.22110552763819097,0.9851296153344493
0.22613065326633167,0.9898445111622329
0.23115577889447236,0.9929198073626088
0.23618090452261306,1.00106376649692
0.24120603015075376,1.0045137258464913
0.24623115577889448,1.011448510988078
0.25125628140703515,1.0090524674812504
0.2562814070351759,1.0106266739380076
0.2613065326633166,1.0118409497786696
0.2663316582914573,1.0123274591129099
0.271356783919598,1.0157937239745085
0.2763819095477387,1.0149389105443736
0.2814070351758794,1.01698435369921
0.2864321608040201,1.0144966286326436
0.2914572864321608,1.0154194315350678
0.2964824120603015,1.0173206784067645
0.30150753768844224,1.0196777813078994
0.3065326633165829,1.031471642433276
0.31155778894472363,1.0329563067148582
0.3165829145728643,1.0391297593106457
0.32160804020100503,1.0436002760928151
0.32663316582914576,1.0487897219729034
0.3316582914572864,1.0567684249545877
0.33668341708542715,1.0615993291091512
0.3417085427135678,1.0629988021827683
0.34673366834170855,1.0687159215221789
0.35175879396984927,1.0693629959681605
0.35678391959798994,1.0662915635870895
0.36180904522613067,1.0677226743054584
0.36683417085427134,1.0765745989284718
0.37185929648241206,1.0812469147951358
0.3768844221105528,1.0819119127202548
0.38190954773869346,1.0795068151716318
0.3869346733668342,1.0805404068048543
0.3919597989949749,1.0852654170418405
0.3969849246231156,1.0948744433025186
0.4020100502512563,1.1146021488876647
0.40703517587939697,1.0728264522284114
0.4120603015075377,1.0723285764302843
0.4170854271356784,1.0836826262434958
0.4221105527638191,1.1005980613289306
0.4271356783919598,1.1131787338105232
0.4321608040201005,1.110170912454024
0.4371859296482412,1.1004749331179697
0.44221105527638194,1.0989174428882271
0.4472361809045226,1.0907800858179435
0.45226130653266333,1.0872957147478326
0.457286432160804,1.08486394311084
0.4623115577889447,1.0785137052156546
0.46733668341708545,1.0718363580943686
0.4723618090452261,1.063127221585921
0.47738693467336685,1.0545567524780257
0.4824120603015075,1.0432290654947263
0.48743718592964824,1.0157388995957572
0.49246231155778897,1.0047360758348431
0.49748743718592964,0.9924129113695569
0.5025125628140703,0.9831763896722704
0.507537688442211,0.9654695318009782
0.5125628140703518,0.951104532905821
0.5175879396984925,0.9413589242589673
0.5226130653266332,0.9257586087728269
0.5276381909547738,0.9095416302456969
0.5326633165829145,0.9100302351944137
0.5376884422110553,0.9102687659120244
0.542713567839196,0.9021307834970492
0.5477386934673367,0.8991776637000054
0.5527638190954774,0.8965636765456205
0.5577889447236181,0.8933091051058418
0.5628140703517588,0.896126241924652
0.5678391959798995,0.8981498747347239
0.5728643216080402,0.9028335342852524
0.577889447236181,0.9106500967171749
0.5829145728643216,0.9159878482780217
0.5879396984924623,0.9274614732057607
0.592964824120603,0.9343647418936569
0.5979899497487438,0.9380939570874551
0.6030150753768845,0.942907719581296
0.6080402010050251,0.9498105736893014
0.6130653266331658,0.9631737419728593
0.6180904522613065,0.9756111783415564
0.6231155778894473,0.9716541441675635
0.628140703517588,0.9696198647377229
0.6331658291457286,0.9674453473400965
0.6381909547738693,0.9665772524764898
0.6432160804020101,0.9682267506224975
0.6482412060301508,0.9664491160868222
0.6532663316582915,0.9658171475160295
0.6582914572864321,0.9627907748358415
0.6633165829145728,0.9584274117407119
0.6683417085427136,0.9480185690317463
0.6733668341708543,0.9444170158341071
0.678391959798995,0.9449964139175344
0.6834170854271356,0.9459772384016435
0.6884422110552764,0.9645908174443711
0.6934673366834171,0.9721838019561939
0.6984924623115578,0.9814384909040402
0.7035175879396985,0.9885764905711647
0.7085427135678392,0.9949905918052693
0.7135678391959799,0.9989102363826291
0.7185929648241206,1.001559836214492
0.7236180904522613,1.0102088273644216
0.7286432160804021,1.0107324682174803
0.7336683417085427,1.003036756679435
0.7386934673366834,1.0006441032904756
0.7437185929648241,0.9865828566972974
0.7487437185929648,0.9941465172146408
0.7537688442211056,1.0246383649488242
0.7587939698492463,1.0474077592771593
0.7638190954773869,1.0409978657197139
0.7688442211055276,1.0211174620492982
0.7738693467336684,1.0191963442340244
0.7788944723618091,1.0156959604709472
0.7839195979899498,1.0203558303498834
0.7889447236180904,1.0203709405520132
0.7939698492462312,1.0166054778772344
0.7989949748743719,1.009928005137495
0.8040201005025126,1.0030536773004723
0.8090452261306533,0.9874988961158387
0.8140703517587939,0.981103166825997
0.8190954773869347,0.9764824663418181
0.8241206030150754,0.9708053218297683
0.8291457286432161,0.9599086827584175
0.8341708542713568,0.9635312340401841
0.8391959798994975,0.9561074412371237
0.8442211055276382,0.9437218558606132
0.8492462311557789,0.928489771972745
0.8542713567839196,0.9192592354831144
0.8592964824120604,0.9131772528156842
0.864321608040201,0.912139804501481
0.8693467336683417,0.8979311919534815
0.8743718592964824,0.8961612173827876
0.8793969849246231,0.8942832522025669
0.8844221105527639,0.8891879626130798
0.8894472361809045,0.8689139537342003
0.8944723618090452,0.8640977389659111
0.8994974874371859,0.8539931182825773
0.9045226130653267,0.8603420805708623
0.9095477386934674,0.860270857911042
0.914572864321608,0.8649386594082843
0.9195979899497487,0.8746803321968546
0.9246231155778895,0.8801968029923762
0.9296482412060302,0.8849185429055039
0.9346733668341709,0.8860538306525174
0.9396984924623115,0.8898826703790788
0.9447236180904522,0.893815653716134
0.949748743718593,0.9047367602617901
0.9547738693467337,0.9091296354745015
0.9597989949748744,0.9182306818817371
0.964824120603015,0.919929969700955
0.9698492462311558,0.9337923929664452
0.9748743718592965,0.9357172542141136
0.9798994974874372,0.9322177771175575
0.9849246231155779,0.9267774991215529
0.9899497487437187,0.9344544760243808
0.9949748743718593,0.9380482520227837
1.0,0.9361402468652867
1.0051020408163265,0.9336006691824936
1.010204081632653,0.9190858949374645
1.0153061224489797,0.9155794032938923
1.0204081632653061,0.9116821072945328
1.0255102040816326,0.9122754137479536
1.030612244897959,0.9107715032136217
1.0357142857142858,0.9277146763186405
1.0408163265306123,0.9236006957267843
1.0459183673469388,0.926306717510998
1.0510204081632653,0.919721053535799
1.0561224489795917,0.899144989433851
1.0612244897959184,0.9302952243513883
1.066326530612245,0.9431105415602139
1.0714285714285714,0.9647662773698094
1.0765306122448979,0.9680040811014177
1.0816326530612246,0.973633993907875
1.086734693877551,0.9758392169912009
1.0918367346938775,0.9818429322361087
1.096938775510204,0.9801873176939192
1.1020408163265305,0.9733736066988872
1.1071428571428572,0.9683535927790012
1.1122448979591837,0.9542420082500037
1.1173469387755102,0.9463628786263756
1.1224489795918366,0.9447545302299428
1.1275510204081634,0.94147482251253
1.1326530612244898,0.9366050901553974
1.1377551020408163,0.9297474605294709
1.1428571428571428,0.9287151396703943
1.1479591836734695,0.9249017773261116
1.153061224489796,0.9364271799985304
1.1581632653061225,0.946348939158279
1.163265306122449,0.9524594520104255
1.1683673469387754,0.9685736653270106
1.1734693877551021,0.9743345966750847
1.1785714285714286,0.9525581176070046
1.183673469387755,0.9392379525849667
1.1887755102040816,0.9648546081462221
1.193877551020408,0.9803475960158213
1.1989795918367347,0.984030200329746
1.2040816326530612,0.9898738098904324
1.2091836734693877,0.9900163133635728
1.2142857142857142,0.9935318549362169
1.219387755102041,1.004048324496884
1.2244897959183674,1.0127836090463747
1.2295918367346939,1.0175927432907528
1.2346938775510203,1.034085250099333
1.239795918367347,1.0382110457349218
1.2448979591836735,1.0442694584411631
1.25,1.0506790573724214
1.2551020408163265,1.063389662164345
1.260204081632653,1.067708296581983
1.2653061224489797,1.0722422874047637
1.2704081632653061,1.0770729211464747
1.2755102040816326,1.0922759277513168
1.280612244897959,1.0988456859600442
1.2857142857142856,1.1036622910822858
1.2908163265306123,1.107491005864156
1.2959183673469388,1.1162278416134404
1.3010204081632653,1.1185742907134062
1.3061224489795917,1.1199993640328552
1.3112244897959182,1.118508705643367
1.316326530612245,1.1120534223287117
1.3214285714285714,1.1105933769701672
1.3265306122448979,1.1174777661730009
1.3316326530612246,1.1131821288167538
1.336734693877551,1.1144587651788647
1.3418367346938775,1.1166405192589959
1.346938775510204,1.1192637363736038
1.3520408163265305,1.1181538271481255
1.3571428571428572,1.1200631240541759
1.3622448979591837,1.118780221926541
1.3673469387755102,1.1166968599405123
1.3724489795918366,1.1098503859624504
1.3775510204081631,1.1078681170730569
1.3826530612244898,1.102090050849748
1.3877551020408163,1.1031519164548462
1.3928571428571428,1.1038240527285135
1.3979591836734693,1.12215192086054
1.4030612244897958,1.1368371858898707
1.4081632653061225,1.1578610399270717
1.413265306122449,1.18329541735739
1.4183673469387754,1.236049474455614
1.4234693877551021,1.2629441251524154
1.4285714285714286,1.2975162733642303
1.433673469387755,1.322939939234582
1.4387755102040816,1.377687149465001
1.443877551020408,1.3894897609889034
1.4489795918367347,1.3942315553752183
1.4540816326530612,1.3637796123017825
1.4591836734693877,1.4521225711109926
1.4642857142857142,1.4641307085602022
1.4693877551020407,1.4493329680566849
1.4744897959183674,1.439878784351308
1.4795918367346939,1.4231244488051635
1.4846938775510203,1.4111649499321473
1.489795918367347,1.3993618961015768
1.4948979591836733,1.3802426188340946
1.5,1.3402175864784045
1.5051020408163265,1.3146896677136395
1.510204081632653,1.2903823541501178
1.5153061224489797,1.261088232341417
1.520408163265306,1.202436361415439
1.5255102040816326,1.179762447977134
1.530612244897959,1.1542906092535796
1.5357142857142856,1.1249934784184308
1.5408163265306123,1.0832533709612908
1.5459183673469388,1.0686134851465237
1.5510204081632653,1.0575913263657188
1.556122448979592,1.0455249532325857
1.5612244897959182,1.0227490100679637
1.566326530612245,1.0104965817646292
1.5714285714285714,0.9975577104759403
1.5765306122448979,0.9874417166283791
1.5816326530612246,0.9756124913678587
1.5867346938775508,0.9699309584552913
1.5918367346938775,0.9670413529384356
1.596938775510204,0.9701357645623626
1.6020408163265305,0.9552285257581036
1.6071428571428572,0.9772164330285282
1.6122448979591835,0.9757607387443912
1.6173469387755102,0.9619472723616403
1.6224489795918366,0.9365901779017332
1.6275510204081631,0.9259145400921188
1.6326530612244898,0.9155189890400963
1.6377551020408163,0.9067710139809277
1.6428571428571428,0.9034507402072346
1.6479591836734695,0.9034675379276225
1.6530612244897958,0.9131983849235608
1.6581632653061225,0.9449825638486671
1.663265306122449,0.9558825121211288
1.6683673469387754,0.9562008654100873
1.6734693877551021,0.9511028581078915
1.6785714285714284,0.9466367668002337
1.683673469387755,0.9382671914385582
1.6887755102040816,0.9372723369954967
1.693877551020408,0.9342190140539851
1.6989795918367347,0.9232192526263737
1.704081632653061,0.909558723956293
1.7091836734693877,0.9044555321788905
1.7142857142857142,0.8927941079067446
1.7193877551020407,0.8818507340616097
1.7244897959183674,0.8632622994930335
1.7295918367346939,0.8605070546026918
1.7346938775510203,0.859017643814724
1.739795918367347,0.8556026446926166
1.7448979591836733,0.8578655859754487
1.75,0.8595645500054083
1.7551020408163265,0.8588375122023957
1.760204081632653,0.8594766041923422
1.7653061224489797,0.8635369436671484
1.770408163265306,0.8613268023166352
1.7755102040816326,0.8584993842245898
1.780612244897959,0.8515912361990347
1.7857142857142856,0.8436274763193764
1.7908163265306123,0.8440539283813564
1.7959183673469385,0.8406306592011736
1.8010204081632653,0.8727626557879296
1.8061224489795917,0.8612602185750832
1.8112244897959182,0.8686037202827306
1.816326530612245,0.8766384634984938
1.8214285714285714,0.8845425409634067
1.8265306122448979,0.9044177826618626
1.8316326530612246,0.9184593722321092
1.8367346938775508,0.9253774300759664
1.8418367346938775,0.9459089256122917
1.846938775510204,0.9589165873494941
1.8520408163265305,0.9552320251028019
1.8571428571428572,0.9608000405360109
1.8622448979591835,0.964492554522325
1.8673469387755102,0.9800933460987274
1.8724489795918366,0.9893322752614513
1.8775510204081631,0.994822332427253
1.8826530612244898,0.999463690839242
1.887755102040816,1.0117157804788852
1.8928571428571428,1.0175858949636636
1.8979591836734693,1.0234840131868206
1.9030612244897958,1.0304887690217686
1.9081632653061225,1.0452756441580373
1.913265306122449,1.052517733721385
1.9183673469387754,1.0538569587889999
1.9234693877551021,1.0508244014225212
1.9285714285714284,1.0448302305183363
1.933673469387755,1.0459014916812195
1.9387755102040816,1.047834838530386
1.943877551020408,1.0485164947076417
1.9489795918367347,1.0482451715252497
1.954081632653061,1.0499707685026285
1.9591836734693877,1.0491908110853811
1.9642857142857142,1.0545193327895892
1.9693877551020407,1.0618676097409696
1.9744897959183674,1.0673851804976495
1.9795918367346939,1.0688556059417007
1.9846938775510203,1.0744654178497324
1.9897959183673468,1.063823545765462
1.9948979591836733,1.0643232573800123
2.0,1.0594413743355506
2.005181347150259,1.05742527936162
2.010362694300518,1.0682354617264864
2.0155440414507773,1.076596247904478
2.0207253886010363,1.0865381693323064
2.0259067357512954,1.0918343295857664
2.0310880829015545,1.1053816835034855
2.0362694300518136,1.1093032343723694
2.0414507772020727,1.1103087891298529
2.0466321243523318,1.1132619627477625
2.051813471502591,1.1223327267771355
2.05699481865285,1.128755287191161
2.062176165803109,1.1298068524137213
2.0673575129533677,1.1328906847961988
2.0725388601036268,1.1364866802017521
2.077720207253886,1.1422477562954545
2.082901554404145,1.1447994764700062
2.088082901554404,1.1548640197417184
2.093264248704663,1.1683113065651636
2.098445595854922,1.1832636850296725
2.1036269430051813,1.1982271514675336
2.1088082901554404,1.2134753922890238
2.1139896373056994,1.2430849066439509
2.1191709844559585,1.246060686807027
2.1243523316062176,1.2456274518129407
2.1295336787564767,1.2455442425823338
2.134715025906736,1.2380222495165425
2.139896373056995,1.2332091701759276
2.145077720207254,1.2303643210240616
2.150259067357513,1.2256358273112775
2.155440414507772,1.2177390190751054
2.160621761658031,1.2177119907806608
2.1658031088082903,1.2206520951135094
2.1709844559585494,1.223527071154946
2.1761658031088085,1.2274022843444605
2.1813471502590676,1.2568370826825566
2.186528497409326,1.2929664304168922
2.1917098445595853,1.3187451932807188
2.1968911917098444,1.379773406204439
2.2020725388601035,1.3972238353048518
2.2072538860103625,1.403353942660582
2.2124352331606216,1.4180550948119046
2.2176165803108807,1.4415983084954698
2.22279792746114,1.453623068043432
2.227979274611399,1.456549174692705
2.233160621761658,1.458806276146699
2.238341968911917,1.4381613900758845
2.243523316062176,1.417642462730642
2.2487046632124352,1.3870657265537203
2.2538860103626943,1.3521007027470253
2.2590673575129534,1.263417914333179
2.2642487046632125,1.2189982971801068
2.2694300518134716,1.1776391218357176
2.2746113989637307,1.138519390049199
2.2797927461139897,1.0576626547444135
2.284974093264249,1.0177800746575854
2.290155440414508,0.9786815657934914
2.295336787564767,0.9425376164111436
2.300518134715026,0.8816324751584416
2.305699481865285,0.853313511128823
2.3108808290155443,0.8428341548590683
2.3160621761658033,0.8221656344934396
2.3212435233160624,0.797471897096067
2.326424870466321,0.7855409000695
2.33160621761658,0.7828834656933304
2.3367875647668392,0.7845700674343878
2.3419689119170983,0.7995376231310194
2.3471502590673574,0.8039241009778224
2.3523316062176165,0.8081108599406396
2.3575129533678756,0.809176074430034
2.3626943005181347,0.812129536567905
2.3678756476683938,0.813661227574474
2.373056994818653,0.817591410144456
2.378238341968912,0.8208059961342875
2.383419689119171,0.8291162197719931
2.38860103626943,0.8397214697922162
2.393782383419689,0.8471885580229469
2.3989637305699483,0.8565760448372345
2.4041450777202074,0.8814226025295698
2.4093264248704664,0.8897720414611824
2.4145077720207255,0.8986258994425877
2.4196891191709846,0.9111566599185894
2.4248704663212437,0.9346645204013042
2.430051813471503,0.9491932953176608
2.4352331606217614,0.96743183027126
2.4404145077720205,0.9897734678329179
2.4455958549222796,1.0162336007208186
2.4507772020725387,1.0464768043511523
2.4559585492227978,1.043623089148568
2.461139896373057,1.047128954658403
2.466321243523316,1.0611954165199735
2.471502590673575,1.0678677228060598
2.476683937823834,1.070975590930531
2.481865284974093,1.071862832347964
2.4870466321243523,1.0693802936827477
2.4922279792746114,1.0668221975010643
2.4974093264248705,1.0661959912722427
2.5025906735751295,1.0657578697720227
2.5077720207253886,1.0611332943881273
2.5129533678756477,1.056589194433674
2.518134715025907,1.0542369635205362
2.523316062176166,1.0478513488281627
2.528497409326425,1.0302638766024945
2.533678756476684,1.0272153433136597
2.538860103626943,1.024537769635654
2.5440414507772022,1.0231644007997933
2.5492227979274613,1.0522491203911744
2.5544041450777204,1.063915118469984
2.5595854922279795,1.072677782230526
2.5647668393782386,1.0830801266060603
2.5699481865284977,1.0879613021247585
2.5751295336787567,1.0841735146266949
2.580310880829016,1.0789087276007179
2.5854922279792745,1.0736820753304954
2.5906735751295336,1.0687196735547635
2.5958549222797926,1.061501626327534
2.6010362694300517,1.0519614414041039
2.606217616580311,1.0432974856549784
2.61139896373057,1.007533081783422
2.616580310880829,0.9973581114885465
2.621761658031088,0.9875635930232544
2.626943005181347,0.965411028170903
2.6321243523316062,0.9468896615815383
2.6373056994818653,0.9451483695743224
2.6424870466321244,0.9453854750090039
2.6476683937823835,0.9462686357990525
2.6528497409326426,0.9372989625930459
2.6580310880829017,0.9214271194147695
2.6632124352331608,0.9300455901094311
2.66839378238342,0.9278552156161003
2.673575129533679,0.9119945271573727
2.678756476683938,0.9212936249931398
2.6839378238341967,0.9274617791941617
2.6891191709844557,0.9193218308476091
2.694300518134715,0.869186076210382
2.699481865284974,0.8297810170484741
2.704663212435233,0.813645402746184
2.709844559585492,0.8146679827543243
2.715025906735751,0.8563590228204523
2.7202072538860103,0.8824044558851682
2.7253886010362693,0.911654210115875
2.7305699481865284,0.9326281473904806
2.7357512953367875,0.9288435909505971
2.7409326424870466,0.9207667300902003
2.7461139896373057,0.9149079760079699
2.7512953367875648,0.9186892926533975
2.756476683937824,0.9355555898165538
2.761658031088083,0.938235117668807
2.766839378238342,0.9354676126301754
2.772020725388601,0.9383542304529776
2.77720207253886,0.9614160243354591
2.7823834196891193,0.973860441166495
2.7875647668393784,0.9758567841619998
2.7927461139896375,0.9797376388385821
2.7979274611398965,0.9962735028921527
2.8031088082901556,0.985251852843221
2.8082901554404147,0.9956886439274076
2.813471502590674,1.0102814157659241
2.818652849740933,1.0161060214529782
2.823834196891192,1.0132233072649879
2.829015544041451,1.0068885474887477
2.83419689119171,1.0092256672860636
2.839378238341969,0.9939712807490969
2.844559585492228,1.0018751838317983
2.849740932642487,1.004548875685499
2.854922279792746,0.9886521730522824
2.860103626943005,1.0152057406969288
2.865284974093264,1.0089521073628818
2.8704663212435233,1.0136959051199723
2.8756476683937824,1.023524735382101
2.8808290155440415,1.0539820019649293
2.8860103626943006,1.0738634017583428
2.8911917098445596,1.1023776720321397
2.8963730569948187,1.1263050592295145
2.901554404145078,1.158274987595778
2.906735751295337,1.1757603704160982
2.911917098445596,1.190921187014909
2.917098445595855,1.2115912492004057
2.922279792746114,1.2629369967381587
2.9274611398963732,1.2839411582833538
2.932642487046632,1.3033738440562632
2.937823834196891,1.3190217159956086
2.94300518134715,1.309854734047253
2.948186528497409,1.3035918423962312
2.9533678756476682,1.2834016330829565
2.9585492227979273,1.2628556907841846
2.9637305699481864,1.217400748572548
2.9689119170984455,1.1720267360807088
2.9740932642487046,1.1335058025810896
2.9792746113989637,1.0957565071698183
2.9844559585492227,1.0289849585193167
2.989637305699482,1.0102578739099242
2.994818652849741,0.9878251720911955
3.0,0.9581874177430009
3.004830917874396,0.9223055328848462
3.0096618357487923,0.9070105710718039
3.0144927536231885,0.8925621095257181
3.0193236714975846,0.8763847310473865
3.024154589371981,0.8598339633824662
3.028985507246377,0.8682872977724596
3.033816425120773,0.8675034996569179
3.0386473429951693,0.8985791384925425
3.0434782608695654,0.8869471726083804
3.0483091787439616,0.8868189522980438
3.0531400966183573,0.8820803591901364
3.0579710144927534,0.8841930865879918
3.0628019323671496,0.9005732982522856
3.0676328502415457,0.9093297434643826
3.072463768115942,0.9139844610342125
3.077294685990338,0.9270425063469313
3.082125603864734,0.943524508571982
3.0869565217391304,0.9590626612088493
3.0917874396135265,0.9666931202248209
3.0966183574879227,0.9764353979818635
3.101449275362319,0.9896990403097298
3.106280193236715,0.9897948599790767
3.111111111111111,0.9837753317566974
3.1159420289855073,0.9674407138512416
3.1207729468599035,0.9436809307790425
3.1256038647342996,0.9339065367738894
3.130434782608696,0.9266592673005543
3.135265700483092,0.9189784496956389
3.140096618357488,0.9070428614541873
3.1449275362318843,0.8987320703646889
3.14975845410628,0.8920409873598858
3.154589371980676,0.8866828275792873
3.1594202898550723,0.8724398961011582
3.1642512077294684,0.8656639290469483
3.1690821256038646,0.8645698399811319
3.1739130434782608,0.860030551332335
3.178743961352657,0.8564924846249382
3.183574879227053,0.8546679870622275
3.1884057971014492,0.8526234326037492
3.1932367149758454,0.8517393491444434
3.1980676328502415,0.856537800815002
3.2028985507246377,0.8617562356867515
3.207729468599034,0.862909373980837
3.21256038647343,0.8644859931577838
3.217391304347826,0.8661324374718914
3.2222222222222223,0.8691308157251129
3.2270531400966185,0.8689354011760597
3.2318840579710146,0.8687197608406293
3.236714975845411,0.8732298717124833
3.241545893719807,0.8752224973462462
3.246376811594203,0.8874563806734391
3.2512077294685993,0.8944939730428596
3.256038647342995,0.917373105724165
3.260869565217391,0.9295467323733649
3.2657004830917873,0.9405915250872718
3.2705314009661834,0.9461425815753142
3.2753623188405796,0.9562042971802626
3.2801932367149758,0.9561589297967152
3.285024154589372,0.9555854226729288
3.289855072463768,0.9564605980729158
3.2946859903381642,0.975623048932322
3.2995169082125604,0.9761522522936676
3.3043478260869565,0.9747954377555323
3.3091787439613527,0.9749081217719956
3.314009661835749,0.9696256470133202
3.318840579710145,0.9662138489780614
3.323671497584541,0.9641144996695155
3.3285024154589373,0.9596114789272792
3.3333333333333335,0.9578213107860984
3.3381642512077296,0.9577219022017822
3.3429951690821254,0.957142865148145
3.3478260869565215,0.9542208621535163
3.3526570048309177,0.9416672047326486
3.357487922705314,0.9361452626029787
3.36231884057971,0.9316909853304366
3.367149758454106,0.9329987329991397
3.3719806763285023,0.935036533416743
3.3768115942028984,0.937685988636921
3.3816425120772946,0.9448537290903816
3.3864734299516908,0.9501436451074121
3.391304347826087,0.9656555697297043
3.396135265700483,0.9751845799262824
3.4009661835748792,0.9840056286871534
3.4057971014492754,0.9914260415855537
3.4106280193236715,1.014933856403953
3.4154589371980677,1.0318971835812907
3.420289855072464,1.0457771222325527
3.42512077294686,1.0641671409858509
3.429951690821256,1.0895586595176965
3.4347826086956523,1.1028713088447808
3.4396135265700485,1.1058067845369732
3.4444444444444446,1.1084185148061176
3.449275362318841,1.1201018920192036
3.4541062801932365,1.130103594123123
3.4589371980676327,1.1441237734240122
3.463768115942029,1.1590258241148037
3.468599033816425,1.2050108111340745
3.473429951690821,1.2307153711532979
3.4782608695652173,1.262236573627543
3.4830917874396135,1.299907095169882
3.4879227053140096,1.4003465281147378
3.4927536231884058,1.4474222245153625
3.497584541062802,1.494505261606663
3.502415458937198,1.537513728676268
3.5072463768115942,1.603782566450016
3.5120772946859904,1.6277251368935113
3.5169082125603865,1.6487688556632187
3.5217391304347827,1.668227492175153
3.526570048309179,1.6821461590946847
3.531400966183575,1.6835267370309268
3.5362318840579707,1.6732606491727462
3.541062801932367,1.6525912168086214
3.545893719806763,1.548243931317349
3.550724637681159,1.4762521367700032
3.5555555555555554,1.394475350913382
3.5603864734299515,1.3100421185832156
3.5652173913043477,1.1558186645365267
3.570048309178744,1.091683814195301
3.57487922705314,1.0396362018576497
3.579710144927536,0.9791654941591845
3.5845410628019323,0.8613887264795146
3.5893719806763285,0.8319474020423406
3.5942028985507246,0.8096411109979531
3.5990338164251208,0.7927981994177333
3.603864734299517,0.7797519524194858
3.608695652173913,0.7701576282411283
3.6135265700483092,0.7695330616224361
3.6183574879227054,0.7675207194401986
3.6231884057971016,0.7670186134964391
3.6280193236714977,0.7706652751246807
3.632850241545894,0.7788277942530042
3.63768115942029,0.7872614982513751
3.642512077294686,0.8081724483555474
3.6473429951690823,0.8223963886824893
3.6521739130434785,0.836018869398293
3.657004830917874,0.8487828956164232
3.6618357487922704,0.8881948263517414
3.6666666666666665,0.9099224138842827
3.6714975845410627,0.9359321422998571
3.676328502415459,0.9609397614075504
3.681159420289855,1.009081820098846
3.685990338164251,1.0315636812572457
3.6908212560386473,1.0504522064487274
3.6956521739130435,1.0689254685065745
3.7004830917874396,1.082634415501835
3.7053140096618358,1.0796917512873756
3.710144927536232,1.0787244812411554
3.714975845410628,1.0726339984379574
3.7198067632850242,1.0592409260866953
3.7246376811594204,1.052870114750153
3.7294685990338166,1.0460069303699666
3.7342995169082123,1.0412226075484532
3.7391304347826084,1.018212144214063
3.7439613526570046,0.9963645633190695
3.7487922705314007,0.9916318681058006
3.753623188405797,0.9695321824885443
3.758454106280193,0.9363351608339826
3.763285024154589,0.9181625676866815
3.7681159420289854,0.9042963973686946
3.7729468599033815,0.8955454139818929
3.7777777777777777,0.8781211037009644
3.782608695652174,0.8769412626174001
3.78743961352657,0.8735983122390977
3.792270531400966,0.8608368726634565
3.7971014492753623,0.8471686775005317
3.8019323671497585,0.8383404410631758
3.8067632850241546,0.8321040194146402
3.8115942028985508,0.8287724380322984
3.816425120772947,0.8168604495481465
3.821256038647343,0.8086527550883631
3.8260869565217392,0.8014112581677401
3.8309178743961354,0.798286514347449
3.8357487922705316,0.8171851733634182
3.8405797101449277,0.8304595134418054
3.845410628019324,0.8431781676193947
3.85024154589372,0.8550544393715525
3.8550724637681157,0.8730983490151611
3.859903381642512,0.8891871618961893
3.864734299516908,0.8991552264520293
3.869565217391304,0.9104283882552213
3.8743961352657004,0.9318420684456137
3.8792270531400965,0.9369524412204708
3.8840579710144927,0.9425048813990301
3.888888888888889,0.9406302500222923
3.893719806763285,0.9454239970621647
3.898550724637681,0.9469852100143908
3.9033816425120773,0.9489697030832965
3.9082125603864735,0.9509428819608463
3.9130434782608696,0.9566323310290114
3.917874396135266,0.9585416927489383
3.922705314009662,0.9635222267628287
3.9275362318840576,0.9690197197317503
3.932367149758454,0.9827121795480098
3.93719806763285,0.9935101507991752
3.942028985507246,0.9978850324811973
3.9468599033816423,1.0030512722857192
3.9516908212560384,1.0078467183178204
3.9565217391304346,1.009813449679692
3.9613526570048307,1.0133705461690705
3.966183574879227,1.021135885769372
3.971014492753623,1.0380311281989572
3.975845410628019,1.040219402893928
3.9806763285024154,1.046803954202505
3.9855072463768115,1.055838405573978
3.9903381642512077,1.072842543736032
3.995169082125604,1.0823145377061143
4.0,1.0906414586178172
4.005025125628141,1.095966090436196
4.010050251256281,1.1020988390725215
4.015075376884422,1.1046527466285503
4.0201005025125625,1.1025824011088696
4.025125628140704,1.1037039277632386
4.030150753768845,1.097245052085449
4.035175879396985,1.082223352719761
4.040201005025126,1.080784323223186
4.045226130653266,1.0785069303852433
4.050251256281407,1.0881860170173112
4.055276381909548,1.0939100363654226
4.060301507537688,1.1037945130797668
4.065326633165829,1.114032086742568
4.0703517587939695,1.1343546702865905
4.075376884422111,1.14642813134579
4.080402010050252,1.1626964042990757
4.085427135678392,1.181200378225896
4.090452261306533,1.2331962126563638
4.0954773869346734,1.267453623039912
4.100502512562814,1.3021045282917958
4.105527638190955,1.3375633018235062
4.110552763819095,1.421713527593024
4.115577889447236,1.4572000046448668
4.1206030150753765,1.4878117854251591
4.125628140703517,1.5158712558413394
4.130653266331659,1.5493501130251355
4.135678391959799,1.5552488240297755
4.14070351758794,1.5538460025861636
4.1457286432160805,1.5496643544797046
4.150753768844221,1.5324978367521438
4.155778894472362,1.5194242760697223
4.160804020100502,1.501559048184586
4.165829145728643,1.4771667474953531
4.1708542713567835,1.4187947430107712
4.175879396984925,1.3896581690444598
4.180904522613066,1.3563538243120783
4.185929648241206,1.332654041353944
4.190954773869347,1.2837075871918808
4.1959798994974875,1.268256954101179
4.201005025125628,1.2633486091055786
4.206030150753769,1.26217585251224
4.211055276381909,1.2763267469613728
4.21608040201005,1.2898916148711874
4.221105527638191,1.3084215826196846
4.226130653266332,1.3256535671003944
4.231155778894473,1.3529387988885528
4.236180904522613,1.360672183886332
4.241206030150754,1.3650609972122123
4.2462311557788945,1.3612781801652447
4.251256281407035,1.3656588672732293
4.256281407035176,1.360751094118612
4.261306532663316,1.3460334467081418
4.266331658291457,1.324421188398162
4.271356783919598,1.2841316244314678
4.276381909547739,1.264608686132987
4.28140703517588,1.2468507978182475
4.28643216080402,1.2290538796444197
4.291457286432161,1.2011861972708477
4.296482412060302,1.1888614433217186
4.301507537688442,1.1815946122232448
4.306532663316583,1.1875918176263256
4.311557788944723,1.2137612480240914
4.316582914572864,1.2220586498900126
4.321608040201005,1.2256444180103787
4.326633165829146,1.2145696232900773
4.331658291457287,1.1836873987054184
4.336683417085427,1.163188316438916
4.341708542713568,1.1346066178411793
4.346733668341709,1.1118318661812134
4.351758793969849,1.0516003152590818
4.35678391959799,1.0237009056487154
4.36180904522613,0.9977325948494417
4.366834170854271,0.975379919059235
4.371859296482412,0.9400665666371717
4.376884422110553,0.9307468692969104
4.381909547738694,0.9235111814596507
4.386934673366834,0.9229564932178548
4.391959798994975,0.9276736712928745
4.396984924623116,0.9293578750927977
4.402010050251256,0.9282294251083618
4.407035175879397,0.9202262850918789
4.4120603015075375,0.9049478618456425
4.417085427135678,0.894791934624469
4.422110552763819,0.8824544471268757
4.42713567839196,0.8691257509491938
4.432160804020101,0.8416754125587844
4.437185929648241,0.8267847456194388
4.442211055276382,0.813847135590585
4.447236180904523,0.8020914403420597
4.452261306532663,0.768505602466241
4.457286432160804,0.7376290349633751
4.4623115577889445,0.7314532951692815
4.467336683417085,0.7276114372939723
4.472361809045226,0.7411442837234865
4.477386934673367,0.747589012499515
4.482412060301508,0.7540388473109326
4.4874371859296485,0.7564626291641907
4.492462311557789,0.7618416078582214
4.49748743718593,0.7666704538059361
4.50251256281407,0.7711531007199544
4.507537688442211,0.773857883439201
4.5125628140703515,0.7768396616805814
4.517587939698492,0.7783393302981676
4.522613065326633,0.7849470928699589
4.527638190954773,0.7901732190608588
4.532663316582915,0.7994665186804262
4.5376884422110555,0.8023422126555477
4.542713567839196,0.8084843870904372
4.547738693467337,0.812141407976468
4.552763819095477,0.8241709546841602
4.557788944723618,0.8365348742730336
4.562814070351759,0.8477824892329401
4.567839195979899,0.8643861036701134
4.572864321608041,0.914091373899787
4.577889447236181,0.9399667136133066
4.582914572864322,0.9577482905570753
4.5879396984924625,0.9776638796897429
4.592964824120603,1.0211233192097808
4.597989949748744,1.0465810187625229
4.603015075376884,1.0782186477078757
4.608040201005025,1.1071556814685095
4.613065326633166,1.1565934690438986
4.618090452261306,1.189088149520043
4.623115577889447,1.202200228924034
4.628140703517588,1.21861174383189
4.633165829145729,1.241399437453151
4.63819095477387,1.2497097574881137
4.64321608040201,1.2549305429807658
4.648241206030151,1.2618564492829603
4.653266331658291,1.259962690494048
4.658291457286432,1.2597593776126457
4.663316582914573,1.2594023613988503
4.668341708542713,1.2583858498004497
4.673366834170855,1.2609688486544781
4.678391959798995,1.2607117303733635
4.683417085427136,1.2626566102226686
4.688442211055277,1.262581237203769
4.693467336683417,1.2568822258095624
4.698492462311558,1.2542810569840397
4.703517587939698,1.2486515949395172
4.708542713567839,1.2476180410582398
4.71356783919598,1.242590809279547
4.71859296482412,1.2388251678041577
4.723618090452261,1.2356852843669377
4.728643216080402,1.2263899629893422
4.733668341708543,1.208770907570992
4.738693467336684,1.198064188292514
4.743718592964824,1.1907735231189012
4.748743718592965,1.1801876737218535
4.7537688442211055,1.170629168024614
4.758793969849246,1.1656161518029853
4.763819095477387,1.1587902668822345
4.768844221105527,1.1559241722591496
4.773869346733669,1.1476196801819842
4.778894472361809,1.1457762516115437
4.78391959798995,1.1396460414308471
4.788944723618091,1.1336803974220424
4.793969849246231,1.120103435967411
4.798994974874372,1.1200194698205028
4.8040201005025125,1.1170358805503966
4.809045226130653,1.1157508265647846
4.814070351758794,1.1123932023992238
4.819095477386934,1.114248820142521
4.824120603015075,1.1103029315763333
4.8291457286432165,1.1072855911823292
4.834170854271357,1.0955530782257883
4.839195979899498,1.0877290992328927
4.844221105527638,1.081415532837401
4.849246231155779,1.081065373033472
4.8542713567839195,1.063979694597129
4.85929648241206,1.0613365258206275
4.864321608040201,1.0540096041108922
4.869346733668341,1.0562108064330717
4.874371859296483,1.0378515852399128
4.8793969849246235,1.041799368834518
4.884422110552764,1.0384467486342281
4.889447236180905,1.0349716250806105
4.894472361809045,1.0271465046983317
4.899497487437186,1.0334419289466632
4.9045226130653266,1.0282861985969665
4.909547738693467,1.0311481843406407
4.914572864321608,1.0298015684606427
4.919597989949748,1.0277766042078404
4.924623115577889,1.0309136485681039
4.9296482412060305,1.033272415096813
4.934673366834171,1.0387013608593183
4.939698492462312,1.0415246448404376
4.944723618090452,1.036120816243936
4.949748743718593,1.0364629617593673
4.954773869346734,1.0284115157567033
4.959798994974874,1.0281648188739
4.964824120603015,1.0266300293625743
4.969849246231155,1.026491637256729
4.974874371859297,1.0175179459871948
4.9798994974874375,1.0142014942672881
4.984924623115578,1.0088307761750728
4.989949748743719,1.0013404883859436
4.994974874371859,0.9850922599284799
5.0,0.9780388433850672
5.005050505050505,0.9701073026263641
5.01010101010101,0.9663429533348914
5.015151515151516,0.9563184448545369
5.02020202020202,0.9560209624040678
5.025252525252525,0.9589034991097904
5.03030303030303,0.966355804944535
5.0353535353535355,0.9856005083186595
5.040404040404041,0.9918058425548822
5.045454545454546,0.9947914424672138
5.05050505050505,1.0048554115816861
5.055555555555555,1.0236809144010648
5.0606060606060606,1.0341859707151322
5.065656565656566,1.0407676719643055
5.070707070707071,1.0429593129101442
5.075757575757576,1.0365577617967077
5.08080808080808,1.0360940315989664
5.085858585858586,1.0337916155792715
5.090909090909091,1.0308335455004363
5.095959595959596,1.0346662177504395
5.101010101010101,1.0321370251923918
5.106060606060606,1.0271337480649732
5.111111111111111,1.0193449980600287
5.116161616161616,1.0133378663846526
5.121212121212121,1.0183089595167079
5.126262626262626,1.0245701276525683
5.1313131313131315,1.027874849511846
5.136363636363637,1.045519608656385
5.141414141414142,1.0461332543065438
5.146464646464646,1.0531648922129906
5.151515151515151,1.0592702406038792
5.156565656565657,1.0807599101530367
5.161616161616162,1.0975173663341278
5.166666666666667,1.1125835814131
5.171717171717172,1.1243761755382404
5.1767676767676765,1.1440683440380648
5.181818181818182,1.1501777521066037
5.186868686868687,1.1553191716772468
5.191919191919192,1.1627788494352655
5.196969696969697,1.1746231892658172
5.202020202020202,1.1830620009576844
5.207070707070707,1.1938018678775804
5.212121212121212,1.1902269779785704
5.217171717171717,1.1861246309022504
5.222222222222222,1.1870145849487277
5.2272727272727275,1.195912058103772
5.232323232323233,1.2058388717743345
5.237373737373737,1.2279730703048826
5.242424242424242,1.2400124347687003
5.247474747474747,1.25115375154375
5.252525252525253,1.2632292700143548
5.257575757575758,1.2780844338951163
5.262626262626263,1.2782179628604036
5.267676767676767,1.2752241736275234
5.2727272727272725,1.2751502129227756
5.277777777777778,1.283300423391187
5.282828282828283,1.2856489151035753
5.287878787878788,1.2855150827434894
5.292929292929293,1.285677857475192
5.297979797979798,1.288796803534987
5.303030303030303,1.2836908051458498
5.308080808080808,1.265636006126169
5.313131313131313,1.2710114437289697
5.318181818181818,1.2588606542032363
5.3232323232323235,1.2588544446718215
5.328282828282829,1.2609398393155005
5.333333333333333,1.2680328517424144
5.338383838383838,1.2849594020365
5.343434343434343,1.2928258973400093
5.348484848484849,1.2739308736874226
5.353535353535354,1.254200736366392
5.358585858585859,1.2294996247189343
5.363636363636363,1.220392055001998
5.3686868686868685,1.2094665876472157
5.373737373737374,1.193735273531364
5.378787878787879,1.1533025263711165
5.383838383838384,1.128936024125814
5.388888888888889,1.116771224294842
5.393939393939394,1.104975476531493
5.398989898989899,1.1020257311179262
5.404040404040404,1.1008067938675705
5.409090909090909,1.1151948161536618
5.414141414141414,1.1301218454334914
5.41919191919192,1.155044958505512
5.424242424242424,1.1444226543074023
5.429292929292929,1.132182447303437
5.434343434343434,1.1142690003966726
5.4393939393939394,1.0778748667382498
5.444444444444445,1.0622573011220022
5.44949494949495,1.062015287640437
5.454545454545455,1.0653405455815526
5.459595959595959,1.063649131959407
5.4646464646464645,1.0647434740823725
5.46969696969697,1.063414929149013
5.474747474747475,1.0585954500417052
5.47979797979798,1.0598470347644513
5.484848484848484,1.0575810028049861
5.48989898989899,1.0557224974404968
5.494949494949495,1.065950300903846
5.5,1.0814567417862817
5.505050505050505,1.0905081282493956
5.51010101010101,1.0948323931945017
5.515151515151516,1.0918121085722579
5.52020202020202,1.103648970762443
5.525252525252525,1.108657425493105
5.53030303030303,1.1063473076520771
5.5353535353535355,1.0956278735204759
5.540404040404041,1.0772455871578217
5.545454545454546,1.070339522033079
5.55050505050505,1.0578318123317147
5.555555555555555,1.0403349348690545
5.5606060606060606,0.9893270853115262
5.565656565656566,0.9659253333979806
5.570707070707071,0.9454714411160181
5.575757575757576,0.9236801837530131
5.580808080808081,0.8854622761495827
5.585858585858586,0.872211843765034
5.590909090909091,0.8625010869703296
5.595959595959596,0.8506452673523788
5.601010101010101,0.8197716298311378
5.606060606060606,0.8062254759935337
5.611111111111111,0.8082033013307975
5.616161616161616,0.8190320849038822
5.621212121212121,0.8358349339516744
5.626262626262626,0.8376578179071691
5.6313131313131315,0.8398837821532215
5.636363636363637,0.8390528789391049
5.641414141414142,0.8239435701897309
5.646464646464646,0.8191466703228427
5.651515151515151,0.8150042842028501
5.656565656565657,0.8065590588177657
5.661616161616162,0.783904569494272
5.666666666666667,0.7710226634353883
5.671717171717172,0.7602453707488128
5.6767676767676765,0.7403440061437655
5.681818181818182,0.7313338069821468
5.686868686868687,0.7321495476512978
5.691919191919192,0.7319178052821231
5.696969696969697,0.7343756400814232
5.702020202020202,0.7438064381826767
5.707070707070708,0.7484133949015076
5.712121212121212,0.7558822001853198
5.717171717171717,0.7628544472669737
5.722222222222222,0.7595770984278029
5.7272727272727275,0.757980371394273
5.732323232323233,0.7582709029060788
5.737373737373737,0.7626813728890983
5.742424242424242,0.771095713189355
5.747474747474747,0.7794961243072348
5.752525252525253,0.79082141994511
5.757575757575758,0.8058072149279876
5.762626262626263,0.8383618277987137
5.767676767676768,0.8493120892781404
5.7727272727272725,0.8623977737749559
5.777777777777778,0.8687305034180622
5.782828282828283,0.8835344625157527
5.787878787878788,0.8931366356403706
5.792929292929293,0.8973937817463413
5.797979797979798,0.8942007493409968
5.803030303030303,0.9111095616455794
5.808080808080808,0.9276192619097557
5.813131313131313,0.9389220316666341
5.818181818181818,0.9475733112440431
5.8232323232323235,0.9523592535997117
5.828282828282829,0.9591772938059991
5.833333333333333,0.9648028076772994
5.838383838383838,0.9702055591223955
5.843434343434343,0.9828338451528824
5.848484848484849,0.9893842959340926
5.853535353535354,1.0047416146905632
5.858585858585859,1.0210922273296374
5.863636363636363,1.0277057153037537
5.8686868686868685,1.023573787482368
5.873737373737374,1.0148493280985114
5.878787878787879,1.0139618106250352
5.883838383838384,1.0248608436334175
5.888888888888889,1.031496339617839
5.8939393939393945,1.0357384272614394
5.898989898989899,1.0326504134430006
5.904040404040404,1.039051914355101
5.909090909090909,1.0333925195679519
5.914141414141414,1.023540912123204
5.91919191919192,1.0133483799908103
5.924242424242424,1.0201550513985607
5.929292929292929,1.0271199742391344
5.934343434343434,1.0300193088078495
5.9393939393939394,1.033240799684662
5.944444444444445,1.0412351969492772
5.94949494949495,1.041960388407352
5.954545454545455,1.0407379749562327
5.959595959595959,1.0370695625506516
5.9646464646464645,1.0281708224536428
5.96969696969697,1.021402344125957
5.974747474747475,1.0144263409775005
5.97979797979798,1.0102952371351654
5.984848484848485,0.9975825445756357
5.98989898989899,0.9934241439752711
5.994949494949495,0.9904434541905964
6.0,0.9896805452725642
6.005208333333333,0.9983480121305396
6.010416666666667,0.994035658112927
6.015625,0.9853615025162086
6.020833333333333,0.9758643792069674
6.026041666666667,0.968483526180492
6.03125,0.9623661264368151
6.036458333333333,0.9553202218675161
6.041666666666667,0.9558611778098324
6.046875,0.9477670137444117
6.052083333333333,0.9454460587823083
6.057291666666667,0.9419730428568538
6.0625,0.9314024300612491
6.067708333333333,0.9556196795953922
6.072916666666667,0.9471604544495088
6.078125,0.9438131626492607
6.083333333333333,0.9538489121244518
6.088541666666667,0.9300444453766712
6.09375,0.9378373808960698
6.098958333333333,0.9292919542296705
6.104166666666667,0.924248487460488
6.109375,0.9216620097090907
6.114583333333333,0.9204945924327856
6.119791666666667,0.9234678600411602
6.125,0.9223498649487623
6.130208333333333,0.912102338611189
6.135416666666667,0.9104629059050127
6.140625,0.904744855336575
6.145833333333333,0.9103563853222538
6.151041666666667,0.9215224912919923
6.15625,0.928473344132722
6.161458333333333,0.9587381892258179
6.166666666666667,0.9619216270944323
6.171875,0.9896626740571759
6.177083333333333,0.9982260553321577
6.182291666666667,1.0000471183029327
6.1875,0.9989596751070585
6.192708333333333,0.9915761050479182
6.197916666666667,0.9954822207975389
6.203125,0.9988400034695246
6.208333333333333,0.9936048197130487
6.213541666666667,0.9944767124478079
6.21875,0.9979590072027007
6.223958333333333,1.0006910133352853
6.229166666666667,1.0089855881240326
6.234375,1.007335844987162
6.239583333333333,1.0089848479139814
6.244791666666667,1.0491314814392905
6.25,1.0210586889660163
6.255208333333333,1.0034237889720374
6.260416666666667,1.0170593448619407
6.265625,1.023875383668833
6.270833333333333,1.0132190193936352
6.276041666666667,1.0196065974958184
6.28125,1.0152654710557234
6.286458333333333,1.0099259195515282
6.291666666666667,1.006536421423984
6.296875,0.9813310196039866
6.302083333333333,0.9735510692490662
6.307291666666667,0.9684088619390055
6.3125,0.9562341146858336
6.317708333333333,0.9614175360352025
6.322916666666667,0.9894691609570255
6.328125,1.0036521116447672
6.333333333333333,1.0235264978553316
6.338541666666667,1.0493573887842025
6.34375,1.0595989750188513
6.348958333333333,1.0736114659009561
6.354166666666667,1.0868627770390336
6.359375,1.1103432318440998
6.364583333333333,1.1183617409769524
6.369791666666667,1.1277491339704055
6.375,1.134803068485453
6.380208333333333,1.1504371311918788
6.385416666666667,1.1591767800046722
6.390625,1.1639757649014864
6.395833333333333,1.1641167123145342
6.401041666666667,1.1628810314275488
6.40625,1.1565720739880416
6.411458333333333,1.1457083974772988
6.416666666666667,1.1346006468044163
6.421875,1.1031240913519205
6.427083333333333,1.107400091196041
6.432291666666667,1.1012301081872036
6.4375,1.1137589706507418
6.442708333333333,1.1261081549038705
6.447916666666667,1.1176868733742022
6.453125,1.1147626722710982
6.458333333333333,1.1070413558860392
6.463541666666667,1.086809674123303
6.46875,1.0812143714883742
6.473958333333333,1.0761763566200475
6.479166666666667,1.0737651322207291
6.484375,1.0652877273352022
6.489583333333333,1.0577963430022812
6.494791666666667,1.033836116360809
6.5,1.014389934761283
6.505208333333333,0.9916864240640788
6.510416666666667,0.9814008736622359
6.515625,0.9697975256624446
6.520833333333333,0.9585146377583391
6.526041666666667,0.9552619767341314
6.53125,0.957014861755553
6.536458333333333,0.9669725130064453
6.541666666666667,0.9793868260033929
6.546875,0.9975994398980986
6.552083333333333,0.9946961802726498
6.557291666666667,1.0016201518789445
6.5625,1.0042990238186036
6.567708333333333,0.9841690481705874
6.572916666666667,0.98055368390466
6.578125,0.983099364608685
6.583333333333333,0.9848454777273438
6.588541666666667,0.9735687534437412
6.59375,0.9677242130410916
6.598958333333333,0.9651510591140643
6.604166666666667,0.954734442974066
6.609375,0.9411738067726917
6.614583333333333,0.9408331523096963
6.619791666666667,0.9381249664394398
6.625,0.9364011947594898
6.630208333333333,0.9220591953676294
6.635416666666667,0.9228096196995347
6.640625,0.9196396708934429
6.645833333333333,0.9076031129183064
6.651041666666667,0.8893027497241871
6.65625,0.8865125155946757
6.661458333333333,0.8757463075788559
6.666666666666667,0.8702704607804403
6.671875,0.8657174626019739
6.677083333333333,0.8672993829589642
6.682291666666667,0.8685448484833699
6.6875,0.8694694063335409
6.692708333333333,0.8721086421203497
6.697916666666667,0.8733762107236491
6.703125,0.8630156176924031
6.708333333333333,0.8663648115228365
6.713541666666667,0.8491118306324557
6.71875,0.8374970947991401
6.723958333333333,0.8294512802238597
6.729166666666667,0.8410949609847868
6.734375,0.8520465656605863
6.739583333333333,0.8508160004630848
6.744791666666667,0.8463441172584589
6.75,0.853556061536675
6.755208333333333,0.8685994954689992
6.760416666666667,0.8748212271652992
6.765625,0.8825790073517498
6.770833333333333,0.8846563230712817
6.776041666666667,0.8866048750424284
6.78125,0.8909170011157044
6.786458333333333,0.8948723543941896
6.791666666666667,0.8956639461321416
6.796875,0.9132118204403621
6.802083333333333,0.9276427840742362
6.807291666666667,0.9326943168353713
6.8125,0.9326780823558578
6.817708333333333,0.938289560034108
6.822916666666667,0.9396614700204536
6.828125,0.9507334834542224
6.833333333333333,0.9573099361048124
6.838541666666667,0.9701041477820822
6.84375,0.9825058484238147
6.848958333333333,0.9957105845621006
6.854166666666667,1.0078207324365778
6.859375,1.0261655084507566
6.864583333333333,1.033747932311354
6.869791666666667,1.0512460319849013
6.875,1.0599561448630788
6.880208333333333,1.0816323378459058
6.885416666666667,1.0907547945276244
6.890625,1.0939036871246937
6.895833333333333,1.0915661404793573
6.901041666666667,1.0715173749001927
6.90625,1.0646607612596606
6.911458333333333,1.060276152047192
6.916666666666667,1.0484427328075674
6.921875,1.0394464126755165
6.927083333333333,1.0374289138755484
6.932291666666667,1.038484203928495
6.9375,1.028566420324424
6.942708333333333,0.9962621903118676
6.947916666666667,0.9865201361903364
6.953125,0.9885692102619826
6.958333333333333,0.9869323248298233
6.963541666666667,0.9976707151986571
6.96875,1.0135606554128864
6.973958333333333,1.029885774672609
6.979166666666667,1.0442892552109304
6.984375,1.0587255928185546
6.989583333333333,1.060814377220162
6.994791666666667,1.0654448392164655
7.0,1.0747549468046194
7.004926108374384,1.0868341518727684
7.009852216748769,1.08897516732201
7.014778325123153,1.0845924906461413
7.019704433497537,1.0738083182286307
7.024630541871921,1.0586970373799107
7.029556650246305,1.0631253507790133
7.0344827586206895,1.0702431599323585
7.039408866995074,1.0701980003873115
7.044334975369458,1.0747058615384026
7.0492610837438425,1.0739163704213657
7.054187192118227,1.0729706477523044
7.059113300492611,1.0738629263905148
7.064039408866995,1.0774984636040092
7.068965517241379,1.0778151495641541
7.073891625615763,1.0777126552852574
7.078817733990148,1.0804151373495283
7.083743842364532,1.0903289561728606
7.088669950738916,1.0853924391564556
7.093596059113301,1.0763007088806547
7.098522167487685,1.0594775911679302
7.103448275862069,1.0589873860844614
7.108374384236453,1.0622312544168524
7.113300492610837,1.0625007745512471
7.1182266009852215,1.06386208773177
7.123152709359606,1.0682232812450774
7.12807881773399,1.0709338731863887
7.1330049261083746,1.0671121815090483
7.137931034482759,1.0623549412832793
7.142857142857143,1.0505032862518804
7.147783251231527,1.0445696120685304
7.152709359605911,1.0350406677314663
7.157635467980295,1.0293530018234756
7.16256157635468,1.0221382955769733
7.167487684729064,1.0254545928811278
7.172413793103448,1.0239395124293231
7.177339901477833,1.0131802367264178
7.182266009852217,1.0016368386091838
7.187192118226601,1.0029581337722926
7.192118226600985,0.9997963194881245
7.197044334975369,0.9988508276384417
7.201970443349754,1.0052076819772122
7.206896551724138,1.012210004615643
7.211822660098522,1.0099973625178436
7.216748768472907,1.0102802628439298
7.221674876847291,1.000610590168323
7.226600985221675,0.993712682832417
7.231527093596059,0.9892990381684398
7.236453201970443,0.9872212773461683
7.241379310344827,0.9979284718109811
7.246305418719212,1.0068110866150612
7.251231527093596,1.0139185820380254
7.25615763546798,1.0198367612211279
7.261083743842365,1.0188363812325314
7.266009852216749,1.0158739302039403
7.2709359605911335,1.020124294007843
7.275862068965517,1.0129465324616103
7.280788177339901,0.9739854824328749
7.285714285714286,0.9689838689307475
7.29064039408867,0.9584485072730824
7.295566502463054,0.959934634750721
7.300492610837439,0.9396027903119488
7.305418719211823,0.940653605740179
7.310344827586207,0.940349143607841
7.315270935960591,0.937163851297093
7.320197044334975,0.9221552191111864
7.325123152709359,0.9079164821859993
7.330049261083744,0.9086575941822089
7.334975369458128,0.8968150558559997
7.3399014778325125,0.890032365594645
7.344827586206897,0.8989451677366089
7.349753694581281,0.8991127751795099
7.3546798029556655,0.8869399200520856
7.359605911330049,0.8920123642657651
7.364532019704433,0.8996743095287316
7.369458128078818,0.9077082344641366
7.374384236453202,0.920591133514222
7.379310344827586,0.921406538364581
7.384236453201971,0.9186102526882661
7.389162561576355,0.9157584157074398
7.394088669950739,0.9213640449100452
7.399014778325123,0.916848717014972
7.403940886699507,0.9222639282775836
7.4088669950738915,0.9244688130629394
7.413793103448276,0.9322628746024374
7.41871921182266,0.9480660332788007
7.4236453201970445,0.9477378167900656
7.428571428571429,0.9366777146820564
7.433497536945813,0.9220451332076971
7.4384236453201975,0.8572670910340604
7.443349753694581,0.8808976290886473
7.448275862068965,0.9084444530630367
7.45320197044335,0.8535054128557124
7.458128078817734,0.8196566740831187
7.463054187192118,1.1157037288119998
7.467980295566503,1.0000285380172909
7.472906403940887,1.033576366439365
7.477832512315271,0.9657207086839342
7.482758620689655,0.8693289187793076
7.487684729064039,0.8850452563665884
7.4926108374384235,0.9322869714428064
7.497536945812808,1.1449008230698412
7.502463054187192,1.0954197406081378
7.5073891625615765,1.050259671579367
7.512315270935961,1.0162010105515542
7.517241379310345,1.000464257930287
7.5221674876847295,0.9736712048350818
7.527093596059113,0.9601625427780444
7.532019704433497,0.9836439132928134
7.536945812807882,1.094251735026726
7.541871921182266,1.052616794669361
7.54679802955665,0.988615940835975
7.551724137931035,0.9188246971620866
7.556650246305419,0.8042383253799834
7.5615763546798025,0.8088148792900635
7.566502463054187,0.853300602780755
7.571428571428571,0.8645426597346136
7.5763546798029555,0.9466837053657362
7.58128078817734,1.0146333980808042
7.586206896551724,1.0690418230125518
7.5911330049261085,1.088948731814772
7.596059113300493,1.0726552347133724
7.600985221674877,1.0580023232157858
7.605911330049262,1.0463853761028965
7.610837438423645,1.0433278128900811
7.615763546798029,1.0252573249228703
7.620689655172414,1.030967499346609
7.625615763546798,1.0528064757504105
7.630541871921182,1.108723698367181
7.635467980295567,1.230163189118013
7.640394088669951,1.2358422607197894
7.6453201970443345,1.202624509167346
7.650246305418719,1.121177072409617
7.655172413793103,1.0207725886435235
7.6600985221674875,1.0202789390127585
7.665024630541872,1.0430105470818596
7.669950738916256,1.0619091337426192
7.674876847290641,1.0645379604772203
7.679802955665025,1.0617724071975123
7.684729064039409,1.0546535012728113
7.689655172413794,1.0520788445834277
7.694581280788177,1.0407811330601646
7.699507389162561,1.0174576006202911
7.704433497536946,0.9885542321840517
7.70935960591133,0.9730245197285626
7.714285714285714,0.9407416689756014
7.719211822660099,0.9279345321476079
7.724137931034483,0.9140778304958501
7.7290640394088665,0.9003467463710857
7.733990147783251,0.907404903554637
7.738916256157635,0.9308401473303566
7.74384236453202,0.961351474332879
7.748768472906404,0.9902022062296165
7.753694581280788,1.033097857144714
7.758620689655173,1.0553917571508695
7.763546798029557,1.0731793989944085
7.768472906403941,1.1042324334437021
7.773399014778326,1.1641104829916273
7.778325123152709,1.1784934733849823
7.783251231527093,1.183935351560211
7.788177339901478,1.1763898129072692
7.793103448275862,1.1608524537640432
7.798029556650246,1.137308028051328
7.802955665024631,1.1047075898671106
7.807881773399015,1.075275846880232
7.812807881773399,1.052980143130439
7.817733990147783,1.0517456866567128
7.822660098522167,1.0401804467442175
7.827586206896552,1.0190814172537932
7.832512315270936,0.9530239510054299
7.83743842364532,0.924579797342555
7.842364532019705,0.9029291489446999
7.847290640394089,0.8895613711936912
7.852216748768473,0.8957189022595203
7.857142857142858,0.8822474664446479
7.862068965517241,0.8167391455642371
7.8669950738916254,0.7948861669635471
7.87192118226601,0.8132368244890291
7.876847290640394,0.8435051697008146
7.8817733990147785,0.8518959054591118
7.886699507389163,0.8571128079051205
7.891625615763547,0.8668823701218061
7.896551724137931,0.8895913067352895
7.901477832512315,0.9158330731803694
7.906403940886699,0.9513218997405662
7.911330049261084,1.0263166968674922
7.916256157635468,1.0657392724536334
7.921182266009852,1.116663271865785
7.926108374384237,1.177916255802593
7.931034482758621,1.2588158882827147
7.935960591133005,1.2598047002825477
7.940886699507389,1.2548164233149803
7.945812807881773,1.2123053308680118
7.9507389162561575,1.140956022215142
7.955665024630542,1.1367202668779157
7.960591133004926,1.0765653124641346
7.9655172413793105,1.0175687394176376
7.970443349753695,0.9509956643465836
7.975369458128079,0.9009340451342707
7.980295566502463,0.8970090606576948
7.985221674876847,0.8927098526273809
7.990147783251231,0.8713048615226474
7.995073891625616,0.9292749470065358
8.0,0.9779351852556488
8.00497512437811,1.0008023564745439
8.009950248756219,0.9929256181059082
8.014925373134329,0.975695807008004
8.019900497512438,0.9683748983265726
8.024875621890548,0.9829111631068191
8.029850746268657,1.0391252398079838
8.034825870646767,1.056192564502326
8.039800995024876,1.0498764016030648
8.044776119402986,1.040550070696264
8.049751243781095,1.0740069673954635
8.054726368159203,1.0595495617978425
8.059701492537313,1.0583855113194813
8.064676616915422,1.0569498406471332
8.069651741293532,1.0334232452315943
8.074626865671641,1.0402885686697705
8.07960199004975,1.0385180247723196
8.08457711442786,1.045252353691203
8.08955223880597,1.078492820334934
8.09452736318408,1.1034979280139134
8.099502487562189,1.1054784630168062
8.104477611940299,1.078329418366206
8.109452736318408,0.9832868301111329
8.114427860696518,0.9611927598551707
8.119402985074627,0.9572665491471015
8.124378109452737,0.9595473489708573
8.129353233830846,0.955495196195669
8.134328358208956,0.9394474132158755
8.139303482587065,0.9367767653043066
8.144278606965175,0.9381424224039759
8.149253731343283,0.9648876054007534
8.154228855721392,0.9865333302190048
8.159203980099502,1.0039664583147188
8.164179104477611,1.0167506273733002
8.16915422885572,1.0501170050975273
8.17412935323383,1.0653276742054532
8.17910447761194,1.0758799085948207
8.18407960199005,1.0834932053709427
8.189054726368159,1.0852746417907313
8.194029850746269,1.0854024248438918
8.199004975124378,1.0844816190055966
8.203980099502488,1.0759177482842264
8.208955223880597,1.0600123965416632
8.213930348258707,1.0541286147567572
8.218905472636816,1.049026798201552
8.223880597014926,1.0429830322430946
8.228855721393035,1.028384941302137
8.233830845771145,1.0153255408985828
8.238805970149254,1.008731575953187
8.243781094527364,1.0007697681355088
8.248756218905474,0.9822158902588574
8.253731343283581,0.9689562786395474
8.25870646766169,0.9641247411699381
8.2636815920398,0.949716286277644
8.26865671641791,0.9370487462736397
8.27363184079602,0.9339346811983159
8.278606965174129,0.9280986272083371
8.283582089552239,0.9333394476298534
8.288557213930348,0.9386597228117334
8.293532338308458,0.9395662613525456
8.298507462686567,0.9231355973712638
8.303482587064677,0.8982567555487685
8.308457711442786,0.943343117146142
8.313432835820896,1.0040188614752215
8.318407960199005,1.0611183754751399
8.323383084577115,1.1104374368788186
8.328358208955224,1.0756564204493924
8.333333333333334,1.0599844694017928
8.338308457711443,1.050634190186575
8.343283582089553,1.04952227222008
8.34825870646766,0.9591872623950967
8.35323383084577,0.9292933700613601
8.35820895522388,0.8860560019231289
8.36318407960199,0.830275421604783
8.368159203980099,0.7911959635317914
8.373134328358208,0.8064721277812396
8.378109452736318,0.8371079319454571
8.383084577114428,0.8481515847028761
8.388059701492537,0.8680058619899983
8.393034825870647,0.8711972713765809
8.398009950248756,0.8739239112296905
8.402985074626866,0.8771558549784639
8.407960199004975,0.8755517126555119
8.412935323383085,0.8781776893459546
8.417910447761194,0.8829188236140398
8.422885572139304,0.8987143041189452
8.427860696517413,0.9472571753610526
8.432835820895523,0.968962182053046
8.437810945273633,0.9742846064395148
8.442786069651742,0.9828916485035367
8.447761194029852,1.0124045460091533
8.45273631840796,1.017437363297122
8.457711442786069,1.0193885478712226
8.462686567164178,1.0241926951125946
8.467661691542288,1.0281197281941439
8.472636815920398,1.030057230560516
8.477611940298507,1.0329389591384381
8.482587064676617,1.0219328538358086
8.487562189054726,0.9845163468536212
8.492537313432836,0.9915253231526666
8.497512437810945,1.0114309802201038
8.502487562189055,1.0105319268281432
8.507462686567164,0.9714961478369329
8.512437810945274,0.9641427456689181
8.517412935323383,0.9617291758182238
8.522388059701493,0.9607555045171482
8.527363184079602,0.9625446457728597
8.532338308457712,0.960372696553791
8.537313432835822,0.9588818755602799
8.542288557213931,0.9673359042323405
8.547263681592039,0.9939915852324909
8.552238805970148,1.0003721123192109
8.557213930348258,1.0357118444683349
8.562189054726367,1.0546593955272954
8.567164179104477,1.0937895437738467
8.572139303482587,1.1007049089260936
8.577114427860696,1.0920776706796087
8.582089552238806,1.096025439459322
8.587064676616915,1.1664275173833134
8.592039800995025,1.2058700244114207
8.597014925373134,1.2242117765158118
8.601990049751244,1.201756532408291
8.606965174129353,1.1155850687352353
8.611940298507463,1.0839499009483788
8.616915422885572,1.0888015439316754
8.621890547263682,1.0674836268557004
8.626865671641792,1.0156528613734124
8.631840796019901,0.976996962468666
8.63681592039801,0.9704187022728901
8.64179104477612,0.9860163174096056
8.64676616915423,0.9950407555974781
8.65174129353234,1.0027117239296646
8.656716417910447,0.9951137446412847
8.661691542288557,1.0070763175494695
8.666666666666666,1.0160764520236654
8.671641791044776,1.0161916524657149
8.676616915422885,1.0053402464583818
8.681592039800995,0.9797163317027026
8.686567164179104,0.968800319428622
8.691542288557214,0.9582316836929365
8.696517412935323,0.9568767410403495
8.701492537313433,0.960406265738099
8.706467661691542,0.9838482500075914
8.711442786069652,1.0064551604507774
8.716417910447761,1.0345791026291804
8.721393034825871,1.0416154967938025
8.72636815920398,1.0390810935850965
8.73134328358209,1.0214474882679971
8.7363184079602,1.0211366329057048
8.74129353233831,1.0301709688988523
8.746268656716417,1.009795574631321
8.751243781094526,0.9839803774882911
8.756218905472636,0.9573080316669238
8.761194029850746,0.9558457518381299
8.766169154228855,0.9591542688671097
8.771144278606965,0.9661711916208224
8.776119402985074,0.9673641671392423
8.781094527363184,0.9734364493694491
8.786069651741293,1.0010206271770827
8.791044776119403,1.0058374093410922
8.796019900497512,1.0128675250697892
8.800995024875622,1.0210105116623431
8.805970149253731,1.0190944468232568
8.810945273631841,1.0329782731771273
8.81592039800995,1.0426077385277743
8.82089552238806,1.0490759699049446
8.82587064676617,1.0270238144936075
8.83084577114428,1.0153016545825186
8.835820895522389,1.0080968491970401
8.840796019900498,0.9984436098598658
8.845771144278608,0.974087230619517
8.850746268656717,0.9722669611552168
8.855721393034825,0.9703355778332566
8.860696517412935,0.9689338513041023
8.865671641791044,0.9569423079590536
8.870646766169154,0.9495997945371514
8.875621890547263,0.9405589136231712
8.880597014925373,0.9335637630703111
8.885572139303482,0.9257724793544038
8.890547263681592,0.9283800637815313
8.895522388059701,0.9216586457241098
8.900497512437811,0.9236837404252605
8.90547263681592,0.9221033246670354
8.91044776119403,0.9126270298506394
8.91542288557214,0.9018548428062023
8.92039800995025,0.8978958234316496
8.925373134328359,0.9051870535226406
8.930348258706468,0.9177866395502824
8.935323383084578,0.9306718804444454
8.940298507462687,0.9347331080281687
8.945273631840797,0.9467409818007246
8.950248756218905,0.9492007113298009
8.955223880597014,0.9575964903747298
8.960199004975124,0.9623450067719995
8.965174129353233,0.9810182383182282
8.970149253731343,0.9880075701678607
8.975124378109452,0.9971497213889197
8.980099502487562,1.0036363817787795
8.985074626865671,1.0047331711180834
8.990049751243781,1.0063591906436786
8.99502487562189,1.0152019143525095
9.0,1.0175541099774499
9.005376344086022,1.020748151266511
9.010752688172044,1.0175003215925782
9.016129032258064,1.0167367012407882
9.021505376344086,1.0158549692736656
9.026881720430108,1.006285782299939
9.03225806451613,1.002496157186151
9.03763440860215,0.9959365424769793
9.043010752688172,0.9866536917470081
9.048387096774194,0.9797437784160714
9.053763440860216,0.9789849708187557
9.059139784946236,0.9741358146023582
9.064516129032258,0.9738128036157668
9.06989247311828,0.9779455325701939
9.075268817204302,0.9817482080462383
9.080645161290322,0.9825316648642933
9.086021505376344,0.981595490161808
9.091397849462366,0.9877839364947175
9.096774193548388,0.9892148519128694
9.102150537634408,0.9862257626334854
9.10752688172043,0.9869719062952096
9.112903225806452,0.9923840352786818
9.118279569892474,0.9912809742701613
9.123655913978494,0.9959780975628931
9.129032258064516,0.9978770575561902
9.134408602150538,0.9993537002207977
9.13978494623656,1.0006388466974485
9.14516129032258,1.0010780266178056
9.150537634408602,0.9989719559196845
9.155913978494624,0.9988360061696815
9.161290322580646,0.9967495329168707
9.166666666666666,0.9886663311046856
9.172043010752688,0.9846833151790477
9.17741935483871,0.9856896598879384
9.182795698924732,0.9866391245561874
9.188172043010752,0.9872274645926337
9.193548387096774,0.9890459555890211
9.198924731182796,0.9929413587010061
9.204301075268818,0.9969811537702205
9.209677419354838,0.9984152888562954
9.21505376344086,0.9979551546246956
9.220430107526882,0.9990267722683912
9.225806451612904,1.0046159556790843
9.231182795698924,1.029696583467188
9.236559139784946,1.0302982345908394
9.241935483870968,1.0174483226724589
9.24731182795699,1.0150242397642533
9.25268817204301,1.0055982168033115
9.258064516129032,0.998691671200376
9.263440860215054,0.9879270734138224
9.268817204301076,0.9713768588663207
9.274193548387096,0.983806324279835
9.279569892473118,0.9906596887367529
9.28494623655914,0.9484753124683848
9.290322580645162,0.9550027882896469
9.295698924731182,0.9728593376156699
9.301075268817204,0.9913465009183217
9.306451612903226,0.9923694612643015
9.311827956989248,0.9913162828628409
9.317204301075268,0.9890022279823236
9.32258064516129,0.9879595267646343
9.327956989247312,0.9872635817343817
9.333333333333334,0.9901923844859644
9.338709677419354,0.9938487981232357
9.344086021505376,0.9946982570091294
9.349462365591398,1.0035519214679427
9.35483870967742,1.0107731244087368
9.36021505376344,1.0160347799982048
9.365591397849462,1.0205221195221592
9.370967741935484,1.0395872209718624
9.376344086021506,1.0448441235519297
9.381720430107526,1.0488531044212055
9.387096774193548,1.0524061518548815
9.39247311827957,1.0518719502624831
9.397849462365592,1.0441699850488904
9.403225806451612,1.0360551654487322
9.408602150537634,1.0300336860986634
9.413978494623656,1.015762352304908
9.419354838709678,1.0055696915107377
9.424731182795698,1.0016304786327141
9.43010752688172,1.0022811192859018
9.435483870967742,0.9853571482746751
9.440860215053764,0.9798724133896208
9.446236559139784,0.981141289496574
9.451612903225806,0.9794220079521391
9.456989247311828,0.9724493441480642
9.46236559139785,0.9682217638010415
9.467741935483872,0.9746620403468066
9.473118279569892,0.9718582854799356
9.478494623655914,0.9772029945134225
9.483870967741936,0.9736663227194418
9.489247311827958,0.9815419593379592
9.494623655913978,0.9851927495429511
9.5,0.9987462365315827
9.505376344086022,0.9959756294940153
9.510752688172044,0.9993099048793622
9.516129032258064,1.0056250967999953
9.521505376344086,1.022220963968652
9.526881720430108,1.0224230842258992
9.53225806451613,1.0220154892118807
9.53763440860215,1.007745082465303
9.543010752688172,0.9810429959451318
9.548387096774194,0.9684525497854812
9.553763440860216,0.9712026365028051
9.559139784946236,0.9772300508831071
9.564516129032258,0.9896404914715242
9.56989247311828,0.9961199830808536
9.575268817204302,1.0088585385637572
9.580645161290322,1.0217395206103168
9.586021505376344,1.0350923277162285
9.591397849462366,1.0485826194539942
9.596774193548388,1.0568953696870849
9.602150537634408,1.0600928851067721
9.60752688172043,1.046973025047446
9.612903225806452,1.0473889310499707
9.618279569892474,1.0425422522511976
9.623655913978494,1.037060221909509
9.629032258064516,1.0251677225829927
9.634408602150538,1.0139680046248993
9.63978494623656,1.0129996163414872
9.64516129032258,0.9858515810820613
9.650537634408602,0.9686690081782321
9.655913978494624,0.9402718598798967
9.661290322580646,0.9187921881040347
9.666666666666666,0.9248236548542645
9.672043010752688,0.930801096079071
9.67741935483871,0.9391759325153088
9.682795698924732,0.9396715948888739
9.688172043010752,0.939229612804558
9.693548387096774,0.9745670866210289
9.698924731182796,0.9822103741154438
9.704301075268818,0.9844602001675843
9.709677419354838,0.9771855788088565
9.71505376344086,0.9560520613109937
9.720430107526882,0.9368559350343041
9.725806451612904,0.9235620254579548
9.731182795698924,0.916072900859424
9.736559139784946,0.9060469039989044
9.741935483870968,0.8983763883528997
9.74731182795699,0.9006312016896816
9.75268817204301,0.9074466530320117
9.758064516129032,0.9376405499198507
9.763440860215054,0.954135403584313
9.768817204301076,0.9657830956384565
9.774193548387096,0.975229815373279
9.779569892473118,1.0167933293732803
9.78494623655914,1.0492208241490444
9.790322580645162,1.0771636847378396
9.795698924731182,1.0927035260801532
9.801075268817204,1.0964222269244637
9.806451612903226,1.1031478536102945
9.811827956989248,1.106417660398188
9.817204301075268,1.0948010959484833
9.82258064516129,1.0469040607772997
9.827956989247312,1.0323935934865152
9.833333333333334,1.0250087541021295
9.838709677419354,1.015620294387622
9.844086021505376,0.9846029537610579
9.849462365591398,0.9766925921588635
9.85483870967742,0.9702840063790601
9.86021505376344,0.9607028812520549
9.865591397849462,0.931952548127854
9.870967741935484,0.922727725885594
9.876344086021506,0.9051785466746326
9.881720430107528,0.9030627926058077
9.887096774193548,0.9193097547121971
9.89247311827957,0.9227237301630429
9.897849462365592,0.9196338814452195
9.903225806451612,0.9226870472023545
9.908602150537634,0.9411902395233389
9.913978494623656,0.9402416477959269
9.919354838709678,0.9416751480468198
9.9247311827957,0.9370646139450577
9.93010752688172,0.9449997775084394
9.935483870967742,0.9547048794768989
9.940860215053764,0.9650301941561207
9.946236559139784,0.9669950585675192
9.951612903225806,0.9823979776144698
9.956989247311828,0.9935254786335376
9.96236559139785,0.9870641956053314
9.967741935483872,0.9677021716861031
9.973118279569892,0.9312165906543977
9.978494623655914,0.9288507688348004
9.983870967741936,0.9568298492030858
9.989247311827958,0.9635517473851625
9.994623655913978,0.9451973520831509
