1514764801,3,-1.105713,2.717773,3.614990
1514764801,3,-0.994019,2.726074,3.635010
1514764801,3,-0.945557,2.704956,3.614746
1514764801,3,-1.083008,2.543945,3.496704
1514764801,3,-1.279907,2.406128,3.375610
1514764801,3,-1.535522,2.234741,3.218872
1514764801,3,-1.826782,2.037842,3.031616
1514764801,3,-2.370483,1.608521,2.611816
1514764801,3,-2.540649,1.412476,2.416626
1514764801,3,-2.674316,1.229736,2.162476
1514764801,3,-2.771606,1.035400,1.955933
1514764801,3,-2.963379,0.688721,1.541626
1514764801,3,-3.044922,0.538696,1.349854
1514764801,3,-3.088867,0.422729,1.081299
1514764801,3,-3.075806,0.295654,0.831421
1514764801,3,-3.009521,0.055542,0.540161
1514764801,3,-3.054688,-0.008057,0.324585
1514764801,3,-3.139648,-0.041870,0.078369
1514764801,3,-3.230713,-0.033569,-0.197266
1514764801,3,-3.394897,0.081787,-0.839355
1514764801,3,-3.425415,0.192871,-1.185669
1514764801,3,-3.385132,0.370972,-1.571411
1514764801,3,-3.321899,0.599487,-2.085205
1514764801,3,-3.037842,1.032959,-3.231079
1514764801,3,-2.874634,1.071777,-3.607666
1514764801,3,-2.814941,0.873047,-3.713745
1514764801,3,-2.819214,0.416992,-3.547241
1514764801,3,-2.765381,-0.738037,-3.196899
1514764801,3,-2.705933,-1.162964,-3.353149
1514764801,3,-2.642578,-1.510376,-3.576904
1514764801,3,-2.562256,-1.884277,-3.735840
1514764801,3,-2.278076,-2.570923,-3.823120
1514764801,3,-2.138916,-2.854980,-3.808472
1514764801,3,-2.007568,-3.099243,-3.895874
1514764801,3,-1.951538,-3.222534,-3.897827
1514764801,3,-1.903198,-3.432739,-3.621948
1514764801,3,-1.909180,-3.462158,-3.413696
1514764801,3,-1.997681,-3.417725,-3.142212
1514764801,3,-2.125244,-3.330444,-2.832520
1514764801,3,-2.327271,-3.012573,-2.130615
1514764801,3,-2.400269,-2.796997,-1.739136
1514764801,3,-2.478638,-2.560059,-1.345581
1514764801,3,-2.552124,-2.280151,-1.006958
1514764801,3,-2.670410,-1.654663,-0.494263
1514764801,3,-2.733765,-1.321777,-0.265015
1514764801,3,-2.837402,-0.965454,-0.085815
1514764801,3,-2.886475,-0.595459,0.027588
1514764801,3,-2.813843,0.115112,0.167480
1514764801,3,-2.716675,0.444702,0.190308
1514764801,3,-2.626953,0.768677,0.171997
1514764801,3,-2.499146,1.072998,0.135986
1514764801,3,-2.342529,1.584961,0.158203
1514764801,3,-2.342163,1.747070,0.243286
1514764801,3,-2.328369,1.859619,0.366699
1514764801,3,-2.289429,1.879150,0.650635
1514764801,3,-2.324585,1.715332,1.200317
1514764801,3,-2.360107,1.647949,1.586548
1514764801,3,-2.321777,1.626831,1.877197
1514764801,3,-2.345337,1.634766,2.156006
1514764801,3,-2.375122,1.763550,2.563843
1514764801,3,-2.379517,1.862427,2.699951
1514764801,3,-2.287231,1.979370,2.853882
1514764801,3,-2.143066,2.101440,3.006348
1514764801,3,-1.767700,2.376953,3.269287
1514764801,3,-1.616211,2.500610,3.368652
1514764801,3,-1.473755,2.600708,3.470947
1514764801,3,-1.345215,2.680054,3.568726
1514764801,3,-1.069946,2.763428,3.731445
1514764801,3,-0.930298,2.761353,3.776123
1514764801,3,-0.806152,2.731567,3.776611
1514764801,3,-0.748413,2.659546,3.734497
1514764801,3,-0.973633,2.365234,3.504028
1514764801,3,-1.253906,2.153809,3.292969
1514764801,3,-1.599487,1.906738,3.036743
1514764801,3,-1.940674,1.641479,2.814087
1514764801,3,-2.387329,1.159546,2.319946
1514764801,3,-2.523193,0.943115,2.052612
1514764801,3,-2.631104,0.738159,1.797974
1514764801,3,-2.711914,0.548096,1.571411
1514764801,3,-2.814575,0.210205,1.173462
1514764801,3,-2.830933,0.078369,0.957764
1514764801,3,-2.788452,-0.028198,0.756348
1514764801,3,-2.706177,-0.105835,0.553467
1514764801,3,-2.684937,-0.169067,0.090576
1514764801,3,-2.780273,-0.153442,-0.183716
1514764801,3,-2.858398,-0.085083,-0.530029
1514764801,3,-2.939697,0.011597,-0.903687
1514764801,3,-2.905518,0.353149,-1.628174
1514764801,3,-2.839478,0.597656,-2.139282
1514764801,3,-2.700439,0.848755,-2.713989
1514764801,3,-2.459595,1.040161,-3.232544
1514764801,3,-2.114868,0.957031,-3.709961
1514764801,3,-2.180420,0.606812,-3.644897
1514764801,3,-2.268555,0.098267,-3.460449
1514764801,3,-2.289917,-0.440552,-3.332642
1514764801,3,-2.285156,-1.343506,-3.484863
1514764801,3,-2.238892,-1.757568,-3.571899
1514764801,3,-2.121704,-2.175049,-3.588623
1514764801,3,-1.986450,-2.546631,-3.587769
1514764801,3,-1.714111,-3.029785,-3.615601
1514764801,3,-1.672119,-3.208130,-3.602295
1514764801,3,-1.574707,-3.309814,-3.510620
1514764801,3,-1.603760,-3.383545,-3.244995
1514764801,3,-1.694580,-3.382080,-2.721436
1514764801,3,-1.784180,-3.295654,-2.415649
1514764801,3,-1.887573,-3.158569,-2.088989
1514764801,3,-1.950562,-2.995850,-1.749634
1514764801,3,-2.061035,-2.581665,-1.070923
1514764801,3,-2.103149,-2.326050,-0.796753
1514764801,3,-2.144653,-2.021606,-0.576660
1514764801,3,-2.158936,-1.706543,-0.388550
1514764801,3,-2.249756,-0.984131,-0.094238
1514764801,3,-2.275024,-0.595093,-0.016479
1514764801,3,-2.246582,-0.244141,0.057251
1514764801,3,-2.167480,0.082520,0.069946
1514764801,3,-2.028687,0.753906,-0.027222
1514764801,3,-1.974243,1.019531,-0.014648
1514764801,3,-1.858032,1.250366,0.015259
1514764801,3,-1.801514,1.440552,0.059082
1514764801,3,-1.762085,1.625977,0.256958
1514764801,3,-1.740601,1.621948,0.424194
1514764801,3,-1.751953,1.554810,0.611816
1514764801,3,-1.745483,1.471436,0.883545
1514764801,3,-1.732422,1.363281,1.481201
1514764801,3,-1.772827,1.341797,1.760132
1514764801,3,-1.804565,1.360718,1.998535
1514764801,3,-1.831421,1.406372,2.164429
1514764801,3,-1.832275,1.550659,2.418335
1514764801,3,-1.768555,1.632568,2.550903
1514764801,3,-1.616821,1.722412,2.699341
1514764801,3,-1.470703,1.816284,2.813599
1514764801,3,-1.211304,2.011230,3.028931
1514764801,3,-1.117432,2.101196,3.108643
1514764801,3,-1.059204,2.175659,3.182495
1514764801,3,-1.010132,2.232056,3.251709
1514764801,3,-0.892090,2.301025,3.366943
1514764801,3,-0.833130,2.305664,3.385254
1514764801,3,-0.801392,2.289795,3.378174
1514764801,3,-0.797974,2.240723,3.356079
1514764801,3,-1.124756,1.919556,3.068115
1514764801,3,-1.308105,1.757080,2.907959
1514764801,3,-1.480225,1.562378,2.746460
1514764801,3,-1.643311,1.373291,2.563599
1514764801,3,-1.915527,1.007080,2.156128
1514764801,3,-2.052734,0.834351,1.906494
1514764801,3,-2.188477,0.668823,1.663208
1514764801,3,-2.295654,0.502197,1.458252
1514764801,3,-2.421509,0.229858,1.046631
1514764801,3,-2.445312,0.122803,0.837891
1514764801,3,-2.440308,0.042236,0.633057
1514764801,3,-2.438232,-0.010498,0.410767
1514764801,3,-2.479004,-0.043213,-0.036133
1514764801,3,-2.528198,-0.010620,-0.303101
1514764801,3,-2.583130,0.057861,-0.606689
1514764801,3,-2.630981,0.123047,-0.889771
1514764801,3,-2.708740,0.389771,-1.474243
1514764801,3,-2.724854,0.586548,-1.896240
1514764801,3,-2.670776,0.797119,-2.361206
1514764801,3,-2.593018,0.978394,-2.824829
1514764801,3,-2.444458,1.003174,-3.406006
1514764801,3,-2.539307,0.745361,-3.427979
1514764801,3,-2.637329,0.313354,-3.286865
1514764801,3,-2.718750,-0.208984,-3.124146
1514764801,3,-2.537109,-1.130371,-3.233398
1514764801,3,-2.412720,-1.521484,-3.394531
1514764801,3,-2.318604,-1.920044,-3.475464
1514764801,3,-2.237915,-2.312622,-3.508545
1514764801,3,-1.973633,-2.862671,-3.559082
1514764801,3,-1.799316,-3.094238,-3.654541
1514764801,3,-1.648071,-3.268921,-3.736694
1514764801,3,-1.529663,-3.372192,-3.630615
1514764801,3,-1.686646,-3.437866,-3.097656
1514764801,3,-1.790405,-3.364380,-2.876953
1514764801,3,-1.864990,-3.242554,-2.620728
1514764801,3,-1.982422,-3.098755,-2.265015
1514764801,3,-2.156006,-2.701660,-1.549561
1514764801,3,-2.189209,-2.473999,-1.239624
1514764801,3,-2.205200,-2.213013,-0.977051
1514764801,3,-2.211792,-1.933716,-0.737061
1514764801,3,-2.240356,-1.277710,-0.377563
1514764801,3,-2.260376,-0.913330,-0.232910
1514764801,3,-2.227417,-0.537720,-0.156738
1514764801,3,-2.188721,-0.181396,-0.086792
1514764801,3,-2.104370,0.463501,-0.057495
1514764801,3,-2.020752,0.765259,-0.071289
1514764801,3,-1.950317,1.018311,-0.069824
1514764801,3,-1.854004,1.232910,-0.031372
1514764801,3,-1.662354,1.497559,0.153687
1514764801,3,-1.607910,1.528076,0.301147
1514764801,3,-1.588623,1.494507,0.463867
1514764801,3,-1.580444,1.415649,0.670410
1514764801,3,-1.542358,1.284302,1.284790
1514764801,3,-1.486328,1.254272,1.576294
1514764801,3,-1.473511,1.256958,1.858032
1514764801,3,-1.446533,1.304199,2.069580
1514764801,3,-1.390381,1.462280,2.281494
1514764801,3,-1.351196,1.552246,2.393799
1514764801,3,-1.275146,1.642700,2.533081
