0.0,2.3147080440517764
0.005050505050505051,2.235467707679536
0.010101010101010102,2.2009909161641263
0.015151515151515152,2.163218881978659
0.020202020202020204,2.128903724722187
0.025252525252525256,2.0990224477141735
0.030303030303030304,2.1738383398321046
0.03535353535353536,2.225361268930957
0.04040404040404041,2.325204883658642
0.045454545454545456,2.563372869224842
0.05050505050505051,2.7303518040020043
0.05555555555555556,2.879505107417766
0.06060606060606061,3.016921022160507
0.06565656565656566,3.169130646720801
0.07070707070707072,3.1766721090395844
0.07575757575757576,3.12809981375451
0.08080808080808081,3.044594537269782
0.08585858585858587,2.833247420948266
0.09090909090909091,2.6965473965135494
0.09595959595959597,2.514696632427856
0.10101010101010102,2.4149584907134534
0.10606060606060606,2.1352171664526303
0.11111111111111112,1.9782848791463277
0.11616161616161617,1.8882775146076916
0.12121212121212122,1.7493394576016401
0.12626262626262627,1.5776237797130213
0.13131313131313133,1.5089348893898638
0.13636363636363638,1.4631296034480337
0.14141414141414144,1.406065988233127
0.14646464646464646,1.2963497211146382
0.15151515151515152,1.2492286088066507
0.15656565656565657,1.2114217177333417
0.16161616161616163,1.165661609100171
0.16666666666666669,1.095502412854942
0.17171717171717174,1.058898541679041
0.1767676767676768,1.0431613218198805
0.18181818181818182,1.0095788740806733
0.18686868686868688,0.9271237297626461
0.19191919191919193,0.8838067787282466
0.196969696969697,0.8483727124029863
0.20202020202020204,0.8144005255020407
0.2070707070707071,0.7436710514656328
0.21212121212121213,0.6655092768564538
0.21717171717171718,0.6655092768564538
0.22222222222222224,0.5817067420083766
0.2272727272727273,0.528713167194652
0.23232323232323235,0.5106514140321164
0.2373737373737374,0.49232974597214824
0.24242424242424243,0.4785767915110385
0.2474747474747475,0.4652963910004031
0.25252525252525254,0.45574932177788263
0.2575757575757576,0.4612045201870858
0.26262626262626265,0.4525750826083999
0.2676767676767677,0.48000671699466874
0.27272727272727276,0.48220930318172
0.2777777777777778,0.4818652781992079
0.2828282828282829,0.4884854316640364
0.2878787878787879,0.505688358345335
0.29292929292929293,0.5211284075100876
0.297979797979798,0.5432662094857363
0.30303030303030304,0.567184688091983
0.3080808080808081,0.6107391547264676
0.31313131313131315,0.6383058558849355
0.31818181818181823,0.6567426405663028
0.32323232323232326,0.6569723987299619
0.3282828282828283,0.666215130108886
0.33333333333333337,0.6644773080233817
0.3383838383838384,0.6568797427261706
0.3434343434343435,0.6456927412709547
0.3484848484848485,0.6466118327567166
0.3535353535353536,0.6627189126756532
0.3585858585858586,0.6776854920359443
0.36363636363636365,0.6969759784232166
0.36868686868686873,0.7782690164422582
0.37373737373737376,0.8424691468807626
0.37878787878787884,0.9133665021944914
0.38383838383838387,0.9876542392325363
0.3888888888888889,1.1406224575844541
0.393939393939394,1.1987556224406208
0.398989898989899,1.2336452669053612
0.4040404040404041,1.277783233570546
0.4090909090909091,1.3232475556349992
0.4141414141414142,1.3215102499829503
0.4191919191919192,1.3100046030900045
0.42424242424242425,1.3103259893053332
0.42929292929292934,1.3181872452952197
0.43434343434343436,1.3326990309060782
0.43939393939393945,1.3627731146041882
0.4444444444444445,1.416827433236313
0.44949494949494956,1.5384150699320387
0.4545454545454546,1.5763806621695153
0.4595959595959596,1.5942260518464753
0.4646464646464647,1.5928465139001937
0.4696969696969697,1.5492902339813543
0.4747474747474748,1.54543192523029
0.47979797979797983,1.5702052969723417
0.48484848484848486,1.5829147425496422
0.48989898989898994,1.5753977330115718
0.494949494949495,1.5483511789119417
0.5,1.5132842318963085
0.5050505050505051,1.472477392188077
0.5101010101010102,1.4326407927980411
0.5151515151515152,1.43996723059728
0.5202020202020202,1.4621471993506674
0.5252525252525253,1.4773071648106904
0.5303030303030304,1.481335026288449
0.5353535353535354,1.4889016473844068
0.5404040404040404,1.5196630701162017
0.5454545454545455,1.5464873370015029
0.5505050505050505,1.5706547907678505
0.5555555555555556,1.543229104292036
0.5606060606060607,1.483334609325219
0.5656565656565657,1.4151391268355913
0.5707070707070707,1.2611655597557365
0.5757575757575758,1.1785830811355642
0.5808080808080809,1.094814773850353
0.5858585858585859,1.0150711652125677
0.5909090909090909,0.8653675465009073
0.595959595959596,0.7913260994312016
0.6010101010101011,0.7283750363638227
0.6060606060606061,0.6733375418042573
0.6111111111111112,0.5655628060984916
0.6161616161616162,0.5193394374558897
0.6212121212121212,0.4821117527752254
0.6262626262626263,0.453015914004133
0.6313131313131314,0.3979688657131359
0.6363636363636365,0.3756150746682034
0.6414141414141414,0.3589058306311002
0.6464646464646465,0.34252592459111764
0.6515151515151516,0.2824084971331422
0.6565656565656566,0.2679287188451436
0.6616161616161617,0.2593309866521932
0.6666666666666667,0.25388738796757904
0.6717171717171718,0.25195152728253106
0.6767676767676768,0.2491100542671853
0.6818181818181819,0.2512676673390351
0.686868686868687,0.2505648254344572
0.6919191919191919,0.26422625864020405
0.696969696969697,0.26673894870265946
0.7020202020202021,0.27413584997770724
0.7070707070707072,0.27689390600372554
0.7121212121212122,0.26842621946449263
0.7171717171717172,0.2615596773300502
0.7222222222222223,0.26806291334125276
0.7272727272727273,0.28738857655446226
0.7323232323232324,0.3588111642702886
0.7373737373737375,0.40102982040990415
0.7424242424242425,0.4453898550315218
0.7474747474747475,0.48497383504886116
0.7525252525252526,0.5536779058523105
0.7575757575757577,0.5894278529939012
0.7626262626262627,0.6329000703136317
0.7676767676767677,0.6826509618619166
0.7727272727272728,0.7928306267753537
0.7777777777777778,0.8728076731886584
0.7828282828282829,0.9594675256474291
0.787878787878788,1.0588655952296306
0.792929292929293,1.2873975978927412
0.797979797979798,1.415219499414137
0.8030303030303031,1.550444179293792
0.8080808080808082,1.7053903627691815
0.8131313131313131,2.0202678645489067
0.8181818181818182,2.1236077939454825
0.8232323232323233,2.1825343205881094
0.8282828282828284,2.196527064030398
0.8333333333333334,2.2262206847864388
0.8383838383838385,2.3021999817289984
0.8434343434343435,2.404272559198728
0.8484848484848485,2.4921764162717293
0.8535353535353536,2.5621222996541366
0.8585858585858587,2.540355251097767
0.8636363636363638,2.512642775654948
0.8686868686868687,2.4962196021033485
0.8737373737373738,2.4712082113951874
0.8787878787878789,2.445724557570006
0.8838383838383839,2.4303609150825727
0.888888888888889,2.410645808999945
0.893939393939394,2.404145975028555
0.8989898989898991,2.4828894476834846
0.9040404040404041,2.491328680600976
0.9090909090909092,2.5289075116923514
0.9141414141414143,2.53100026017956
0.9191919191919192,2.50910186816817
0.9242424242424243,2.4802950352655633
0.9292929292929294,2.4353295402296173
0.9343434343434345,2.3089273140332938
0.9393939393939394,2.228358946436817
0.9444444444444445,2.134011125496069
0.9494949494949496,2.0229421111752064
0.9545454545454546,1.768720233453838
0.9595959595959597,1.6871601526559359
0.9646464646464648,1.5651314778605663
0.9696969696969697,1.481719212827113
0.9747474747474748,1.4306908597660084
0.9797979797979799,1.385257424097774
0.984848484848485,1.3515257965048244
0.98989898989899,1.317466810542869
0.994949494949495,1.2395351430778394
1.0,1.1980222204967652
1.0055248618784531,1.157271619797617
1.011049723756906,1.1151469994731635
1.0165745856353592,1.042212687641539
1.022099447513812,1.0140559277258825
1.0276243093922652,0.972928364896923
1.0331491712707181,0.9191339356029675
1.0386740331491713,0.8420237975366255
1.0441988950276242,0.8168941521855815
1.0497237569060773,0.798892339358064
1.0552486187845305,0.7743740888207715
1.0607734806629834,0.7119210504838299
1.0662983425414365,0.6794761722584537
1.0718232044198894,0.656125315108326
1.0773480662983426,0.6255431308726841
1.0828729281767955,0.579489480686233
1.0883977900552486,0.5508959246636337
1.0939226519337018,0.5325092060744114
1.0994475138121547,0.5160456432768326
1.1049723756906078,0.5217624805004668
1.1104972375690607,0.5436256248954789
1.1160220994475138,0.5582114929683909
1.1215469613259668,0.5568395111142886
1.12707182320442,0.5572970649240852
1.132596685082873,0.5529030635527352
1.138121546961326,0.5332031230319267
1.143646408839779,0.5125804746447137
1.149171270718232,0.4689285891753669
1.1546961325966851,0.45206353724448956
1.160220994475138,0.4295689267451732
1.1657458563535912,0.4011342907668204
1.1712707182320443,0.32682777753887443
1.1767955801104972,0.27752482237450404
1.1823204419889501,0.2533019420651962
1.1878453038674033,0.24969179260440258
1.1933701657458564,0.26639992010697
1.1988950276243093,0.28193757274261977
1.2044198895027625,0.32353475965033496
1.2099447513812154,0.37372720880610233
1.2154696132596685,0.4549199333882832
1.2209944751381214,0.4894623200349543
1.2265193370165746,0.5164851915515101
1.2320441988950277,0.5623321274220423
1.2375690607734806,0.6035109142766185
1.2430939226519337,0.6392102087146294
1.2486187845303867,0.6797366962677533
1.2541436464088398,0.7094680522201123
1.2596685082872927,0.736060800185012
1.2651933701657458,0.7626640565498023
1.270718232044199,0.7753458832721045
1.276243093922652,0.7869128634645642
1.281767955801105,0.8672650645575435
1.287292817679558,0.9185423084099067
1.292817679558011,0.9691872267214421
1.298342541436464,1.0233134113696547
1.3038674033149171,1.128394696285391
1.3093922651933703,1.1154067551418183
1.3149171270718232,1.1559426125984802
1.320441988950276,1.2907539358022504
1.3259668508287292,1.6334524141624083
1.3314917127071824,1.8109276637684897
1.3370165745856353,2.0142125049028468
1.3425414364640884,2.26587675214121
1.3480662983425415,2.8149111517724674
1.3535911602209945,3.051298268693836
1.3591160220994474,3.288099674294865
1.3646408839779005,3.48924740996694
1.3701657458563536,3.7110599483297224
1.3756906077348066,3.7487462891742886
1.3812154696132597,3.784272301966258
1.3867403314917128,3.836572035140094
1.3922651933701657,3.80112634006435
1.3977900552486187,3.7843140369208266
1.4033149171270718,3.714548136554701
1.408839779005525,3.53490536045394
1.4143646408839778,3.219909692744969
1.419889502762431,3.047044398176863
1.425414364640884,2.8827278807703998
1.430939226519337,2.713574584036341
1.43646408839779,2.400533299974195
1.441988950276243,2.241530675149015
1.4475138121546962,2.1173881376039683
1.4530386740331491,1.9950723110997757
1.4585635359116023,1.7756398964894318
1.4640883977900552,1.6843090059893997
1.4696132596685083,1.5981135837921532
1.4751381215469612,1.489304552961885
1.4806629834254144,1.3035214621405358
1.4861878453038675,1.202404022449609
1.4917127071823204,1.1084978260533487
1.4972375690607733,1.0132903771718154
1.5027624309392265,0.85288399014696
1.5082872928176796,0.7856281195737587
1.5138121546961325,0.7187616759858583
1.5193370165745856,0.6564949294191083
1.5248618784530388,0.5577015269559515
1.5303867403314917,0.5201438927123917
1.5359116022099446,0.48263830188765583
1.5414364640883977,0.4510549005897176
1.5469613259668509,0.3951718348124016
1.5524861878453038,0.38277409834000004
1.558011049723757,0.37637807822188585
1.56353591160221,0.3757114030582516
1.569060773480663,0.38655953254447106
1.5745856353591159,0.39205361936092364
1.580110497237569,0.39769963947431486
1.5856353591160222,0.4066764894261776
1.591160220994475,0.4275904677620866
1.5966850828729282,0.4396097550202907
1.6022099447513813,0.452013200296186
1.6077348066298343,0.4626982323945057
1.6132596685082872,0.4846437380860295
1.6187845303867403,0.4915303482359965
1.6243093922651934,0.5018612015298652
1.6298342541436464,0.5253721324575562
1.6353591160220993,0.569482984584263
1.6408839779005524,0.5885085585622354
1.6464088397790055,0.5969742881171685
1.6519337016574585,0.6181676135288875
1.6574585635359116,0.6381250300536722
1.6629834254143647,0.650345801341102
1.6685082872928176,0.6669328918691895
1.6740331491712706,0.6817949532476755
1.6795580110497237,0.7227128542332701
1.6850828729281768,0.744371998362378
1.6906077348066297,0.7618991255172826
1.6961325966850829,0.7692959607621764
1.701657458563536,0.7586080455498742
1.707182320441989,0.7402616622830065
1.7127071823204418,0.7199704671644525
1.718232044198895,0.6964772546522966
1.723756906077348,0.661940245249524
1.729281767955801,0.6346168403005076
1.7348066298342542,0.5943162719066339
1.7403314917127073,0.5531673894057747
1.7458563535911602,0.5063850288199682
1.7513812154696131,0.58482328890187
1.7569060773480663,0.7188094242655699
1.7624309392265194,0.9503948478658751
1.7679558011049723,2.013923837768946
1.7734806629834254,2.4075910983063546
1.7790055248618786,2.769430003150287
1.7845303867403315,3.063488706340371
1.7900552486187844,3.385861748577015
1.7955801104972375,3.483424028390601
1.8011049723756907,3.5655944726393103
1.8066298342541436,3.6426411976829396
1.8121546961325965,3.7966884798858596
1.8176795580110496,3.7534153337595084
1.8232044198895028,3.6847818781872284
1.8287292817679557,3.596777342245972
1.8342541436464088,3.4140141495714396
1.839779005524862,3.3779571549812473
1.8453038674033149,3.3498391106715855
1.8508287292817678,3.3560348309186248
1.856353591160221,3.5977925580279084
1.861878453038674,3.7552881008167667
1.867403314917127,3.939450794501183
1.87292817679558,4.078105079891641
1.8784530386740332,4.169623625869606
1.8839779005524862,4.106116215898669
1.889502762430939,3.9812756423764486
1.8950276243093922,3.769503553253664
1.9005524861878453,3.3731985898400647
1.9060773480662982,3.1392422179671002
1.9116022099447514,2.932287064611683
1.9171270718232045,2.7672918403596323
1.9226519337016574,2.5246053339581613
1.9281767955801103,2.3944938905230058
1.9337016574585635,2.275791740398273
1.9392265193370166,2.1468518718723932
1.9447513812154695,1.921255933915625
1.9502762430939227,1.8063800280896045
1.9558011049723758,1.6878199444564579
1.9613259668508287,1.5879148087306194
1.9668508287292816,1.3595809937690364
1.9723756906077348,1.2456069163138908
1.977900552486188,1.1355863694699757
1.9834254143646408,1.0317338023162756
1.9889502762430937,0.8577053903934614
1.9944751381215469,0.7817832660405312
2.0,0.7093763685273143
2.0046296296296298,0.6618190021161375
2.009259259259259,0.576953677015755
2.013888888888889,0.551848883722709
2.0185185185185186,0.5337282305387265
2.0231481481481484,0.5106174341892372
2.0277777777777777,0.4749573503947486
2.0324074074074074,0.46160093750013115
2.037037037037037,0.44814484485041217
2.0416666666666665,0.4403778943997984
2.0462962962962963,0.42705561501635825
2.050925925925926,0.4197424578536224
2.0555555555555554,0.4187420708276158
2.060185185185185,0.41734359275062555
2.064814814814815,0.42748023973746435
2.0694444444444446,0.4236876175769125
2.074074074074074,0.4265493153352845
2.0787037037037037,0.42957405535716425
2.0833333333333335,0.4662431936371833
2.087962962962963,0.4659538983096933
2.0925925925925926,0.4854251899984178
2.0972222222222223,0.5233445254992164
2.1018518518518516,0.5803233466792457
2.1064814814814814,0.619266303409123
2.111111111111111,0.5829588587953699
2.115740740740741,0.5830846694486145
2.1203703703703702,0.6627889228389382
2.125,0.6686508827721683
2.1296296296296298,0.6390522513198744
2.134259259259259,0.6083186942491575
2.138888888888889,0.5850970684023293
2.1435185185185186,0.5954212634840983
2.148148148148148,0.6160802517091423
2.1527777777777777,0.6516495642513697
2.1574074074074074,0.6730460336893755
2.162037037037037,0.6696991414814565
2.1666666666666665,0.6633998534473761
2.1712962962962963,0.6507159780280487
2.175925925925926,0.6016140931278123
2.1805555555555554,0.6108109652298328
2.185185185185185,0.638178784894954
2.189814814814815,0.7073557894192992
2.1944444444444446,0.8600406084377644
2.199074074074074,0.917346771269186
2.2037037037037037,0.981542632961503
2.2083333333333335,1.0295027583421037
2.212962962962963,1.0506483482159956
2.2175925925925926,1.014603445514059
2.2222222222222223,0.9821852464229953
2.2268518518518516,0.9468691867396467
2.2314814814814814,0.8774713807258901
2.236111111111111,0.8466360399965265
2.240740740740741,0.8077436152672455
2.2453703703703702,0.8298403974584511
2.25,0.9125617915357841
2.2546296296296298,0.9227993176552527
2.259259259259259,0.9320063392000077
2.263888888888889,0.9681446648765876
2.2685185185185186,1.0814581099575702
2.273148148148148,1.1841188450713045
2.2777777777777777,1.3079496758281643
2.2824074074074074,1.445034967473106
2.287037037037037,1.7031143160158098
2.2916666666666665,1.7978536413470925
2.2962962962962963,1.8646801915711981
2.300925925925926,1.9312142479574865
2.3055555555555554,2.1392184330416097
2.310185185185185,2.340191975337066
2.314814814814815,2.4635795868128554
2.3194444444444446,2.596225046212481
2.324074074074074,2.7955102316595086
2.3287037037037037,2.8187791923080816
2.3333333333333335,2.798673235118027
2.337962962962963,2.822815191029338
2.3425925925925926,2.8867910911995347
2.3472222222222223,2.9126807219614714
2.351851851851852,2.87662922634635
2.3564814814814814,2.8926626848379677
2.361111111111111,2.8551952824384887
2.3657407407407405,2.817656312096278
2.3703703703703702,2.7895828725929617
2.375,2.750799562752801
2.3796296296296298,2.6305818903942146
2.384259259259259,2.553133696025142
2.388888888888889,2.3948473611827543
2.3935185185185186,2.2609623530572107
2.398148148148148,2.0427496897277946
2.4027777777777777,1.8828209152935922
2.4074074074074074,1.745590895745048
2.412037037037037,1.6309203040017008
2.4166666666666665,1.3877035017506443
2.4212962962962963,1.2886311840247386
2.425925925925926,1.2184349562430488
2.4305555555555554,1.1684206845789746
2.435185185185185,1.0829569762479023
2.439814814814815,1.0593786902656672
2.4444444444444446,1.028458655253579
2.449074074074074,1.0002020323159715
2.4537037037037037,0.9467344503428615
2.4583333333333335,0.9152084759403182
2.462962962962963,0.8830370452965153
2.4675925925925926,0.873440504697372
2.4722222222222223,0.7938188490449191
2.4768518518518516,0.7822834513684922
2.4814814814814814,0.8098804846401721
2.486111111111111,0.7915198850092144
2.4907407407407405,0.7301571198844808
2.4953703703703702,0.6767956569844402
2.5,0.6444312338869059
2.5046296296296298,0.6108213870568057
2.509259259259259,0.5203948017813014
2.513888888888889,0.4775984790113972
2.5185185185185186,0.43204480785446314
2.523148148148148,0.3896328400250677
2.5277777777777777,0.32910358708619386
2.5324074074074074,0.2822016636839691
2.537037037037037,0.24569362122366956
2.5416666666666665,0.22319838191169755
2.5462962962962963,0.22263414024133854
2.550925925925926,0.23297363042627808
2.5555555555555554,0.2626752304310401
2.560185185185185,0.2859013722002747
2.564814814814815,0.32672415894145324
2.5694444444444446,0.354314302162642
2.574074074074074,0.3676709912489698
2.5787037037037037,0.3715684758560661
2.583333333333333,0.38355653533996786
2.587962962962963,0.36630722167328345
2.5925925925925926,0.36158693711056544
2.5972222222222223,0.35257749715204456
2.601851851851852,0.27184821799489506
2.6064814814814814,0.19791408837927632
2.611111111111111,0.15876100224551368
2.6157407407407405,0.17240444884341008
2.6203703703703702,0.2915788292194754
2.625,0.4421408307440063
2.6296296296296298,0.6187044330090096
2.634259259259259,0.8172489849556254
2.638888888888889,1.3103959948492667
2.6435185185185186,1.6057642287468605
2.648148148148148,1.920811427749481
2.6527777777777777,2.2353286066216302
2.6574074074074074,2.8273839640717355
2.662037037037037,3.0811411204936716
2.6666666666666665,3.319360628760304
2.6712962962962963,3.5245394613472554
2.675925925925926,3.48145055405904
2.6805555555555554,3.369908151472678
2.685185185185185,3.2756903901718184
2.689814814814815,3.295682552052761
2.6944444444444446,3.3518005095603467
2.699074074074074,3.33033539629059
2.7037037037037037,3.2538434678590487
2.708333333333333,3.1891184264095616
2.712962962962963,3.1512769444052355
2.7175925925925926,3.129323298960016
2.7222222222222223,3.1333997621932954
2.726851851851852,3.1518768145960276
2.7314814814814814,3.1480086032708043
2.736111111111111,3.078719187486251
2.7407407407407405,2.9604111479630664
2.7453703703703702,2.839804013328561
2.75,2.569845664739616
2.7546296296296298,2.494544839607017
2.759259259259259,2.4400816531940075
2.763888888888889,2.405543973129155
2.7685185185185186,2.24779938398737
2.773148148148148,2.166468025705434
2.7777777777777777,2.0963224338226216
2.7824074074074074,2.019210495079946
2.787037037037037,1.8180471169422423
2.7916666666666665,1.6877143597048643
2.7962962962962963,1.5563679480412078
2.800925925925926,1.4542937141794983
2.8055555555555554,1.196881956135608
2.810185185185185,1.0535020510668216
2.814814814814815,0.9104019594047456
2.8194444444444446,0.7778250835721358
2.824074074074074,0.5592872606425073
2.8287037037037037,0.48595807045155653
2.833333333333333,0.4399230990173169
2.837962962962963,0.42678726316749427
2.8425925925925926,0.43963092851845625
2.8472222222222223,0.4375784024949129
2.851851851851852,0.4301451216996422
2.8564814814814814,0.43260540861390073
2.861111111111111,0.4341663129642833
2.8657407407407405,0.4363505768828546
2.8703703703703702,0.44120455083895044
2.875,0.4462774968503342
2.8796296296296298,0.46118622158733236
2.884259259259259,0.4648121681722629
2.888888888888889,0.46526247091077527
2.8935185185185186,0.454027543592897
2.898148148148148,0.435047036705228
2.9027777777777777,0.4292972668280105
2.9074074074074074,0.40697324738365787
2.912037037037037,0.4129876502318198
2.9166666666666665,0.40372177021929345
2.9212962962962963,0.4104214088957836
2.9259259259259256,0.4262598290596945
2.9305555555555554,0.43461828978771705
2.935185185185185,0.4654188068933184
2.939814814814815,0.4414202802647382
2.9444444444444446,0.4440610078986895
2.949074074074074,0.45279415547133556
2.9537037037037037,0.4285427604125404
2.958333333333333,0.424892630882203
2.962962962962963,0.4183513887571069
2.9675925925925926,0.4023754142886963
2.9722222222222223,0.3664362915323754
2.9768518518518516,0.35054669267588306
2.9814814814814814,0.3341513093555074
2.986111111111111,0.2946145863666631
2.9907407407407405,0.24886976543365005
2.9953703703703702,0.26112338065558205
3.0,0.3112207877215145
3.005,0.2801508782406366
3.01,0.29288777631372737
3.015,0.28174997742679586
3.02,0.2765503354418505
3.025,0.27332395324413117
3.03,0.28149396447170943
3.035,0.28894206072671386
3.04,0.3105422515568534
3.045,0.32766464576453774
3.05,0.3494448411609477
3.055,0.3575878565080196
3.06,0.3748049947065807
3.065,0.3894609877921022
3.07,0.4342000922627723
3.075,0.4525312091977745
3.08,0.4740681624344752
3.085,0.49429364596563446
3.09,0.561155729862041
3.095,0.579147263596229
3.1,0.6102173833528507
3.105,0.6483783209500453
3.11,0.7697076451802982
3.115,0.8040674215530687
3.12,0.839022734551335
3.125,0.8574424780491109
3.13,0.9309364685331647
3.135,0.9958854428321562
3.14,1.0549224730779982
3.145,1.097764158388768
3.15,1.245394696686958
3.155,1.355303181102295
3.16,1.382301706811505
3.165,1.4030209669302878
3.17,1.4206884001082012
3.175,1.451604115400959
3.18,1.4775123004682567
3.185,1.518980966019983
3.19,1.5684114276375316
3.195,1.6566993847261489
3.2,1.7279722494727745
3.205,1.783347290927373
3.21,1.8159885238398394
3.215,1.831746968174371
3.22,1.810677102889966
3.225,1.748965892683445
3.23,1.710023588787301
3.235,1.6873217118057242
3.24,1.6239619889104548
3.245,1.6045453613594103
3.25,1.4545205189669894
3.255,1.4183518760903444
3.26,1.3912114951900736
3.265,1.3907504080941337
3.27,1.3550325405336212
3.275,1.3565098769419264
3.2800000000000002,1.3548026248192022
3.285,1.367117277156938
3.29,1.391817981257966
3.295,1.3723389230995382
3.3,1.3434226087162593
3.305,1.3352256966015148
3.31,1.3121779871869517
3.315,1.2588132969308832
3.32,1.2126271537904798
3.325,1.141535020273141
3.33,1.07248952548265
3.335,1.0342110669926134
3.34,0.992407713663593
3.345,0.9540487483530389
3.35,0.8402378150071562
3.355,0.7930473117557363
3.36,0.750720067603098
3.365,0.7108873246548991
3.37,0.7273659373499697
3.375,0.7988953591084379
3.38,0.8854226560880403
3.385,0.9656986536704916
3.39,1.122860183967265
3.395,1.164997941750113
3.4,1.2076304337163748
3.4050000000000002,1.228023089993018
3.41,1.2273504420017944
3.415,1.1778141873445065
3.42,1.1206109824225352
3.425,1.0763953270717965
3.43,1.0070264350502425
3.435,0.9570248208594174
3.44,0.9353607896763686
3.445,0.9624952856009218
3.45,1.0231895448151336
3.455,1.0678097160913083
3.46,1.1003870485838154
3.465,1.1307831459400162
3.47,1.2077801440166998
3.475,1.272710976590522
3.48,1.3552398123243725
3.485,1.466016868795172
3.49,1.7797341650398242
3.495,1.957030850034051
3.5,2.1312774522037246
3.505,2.3082178359271035
3.51,2.5745729215163045
3.515,2.682971403090238
3.52,2.7791599728130083
3.525,2.883763630485342
3.5300000000000002,3.181586396717367
3.535,3.3175035458501023
3.54,3.3906496594766318
3.545,3.501921268806739
3.55,3.5194567855345236
3.555,3.539307036535966
3.56,3.566536853629722
3.565,3.619188615008756
3.5700000000000003,3.634375805899412
3.575,3.5730431441841004
3.58,3.4751451492612504
3.585,3.3579057260651317
3.59,3.080295194059491
3.5949999999999998,2.947619118280549
3.6,2.8161086699610864
3.605,2.684912157518938
3.61,2.395568092516888
3.615,2.2359703024076594
3.62,2.081313725692261
3.625,1.9340884346766567
3.63,1.7296671980427332
3.635,1.6318131143758468
3.64,1.5605857604197855
3.645,1.4101577617660372
3.65,1.3029240427231359
3.6550000000000002,1.2476383892683007
3.66,1.1851223908542106
3.665,1.120915700415513
3.67,1.006254544659551
3.675,0.9450892048907341
3.68,0.8861181557546375
3.685,0.8179561194734103
3.69,0.6759501285287252
3.6950000000000003,0.6045435136811906
3.7,0.5425359168386918
3.705,0.4806707529962687
3.71,0.378401563545924
3.715,0.3405654419168216
3.7199999999999998,0.31262364728855685
3.725,0.3073710801702073
3.73,0.3241636798995224
3.735,0.33058587391629424
3.74,0.3348770035236818
3.745,0.33868635194675323
3.75,0.35427034106456046
3.755,0.3709308610806062
3.76,0.38675899173645595
3.765,0.40807196209737323
3.77,0.4813640188682573
3.775,0.5294705957709077
3.7800000000000002,0.5631317791955982
3.785,0.5827299300576555
3.79,0.5848678740647327
3.795,0.6126651725551241
3.8,0.6591306789704148
3.805,0.7124062499908321
3.81,0.8053165299054776
3.815,0.8687688461363011
3.8200000000000003,0.9412769402726276
3.825,0.9768238994757448
3.83,0.944798696850816
3.835,0.8680493791628445
3.84,0.7856162504690187
3.8449999999999998,0.6843684770574986
3.85,0.5514350477753477
3.855,0.5314999427365914
3.86,0.576704310462476
3.865,0.6826147635211239
3.87,0.9730277640165259
3.875,1.0923028089357822
3.88,1.1618902944194
3.885,1.185349269025379
3.89,1.0730319735688214
3.895,0.978377799368424
3.9,0.8723299570970838
3.9050000000000002,0.7324169998252362
3.91,0.4816092030879393
3.915,0.4420628689055438
3.92,0.473880912359846
3.925,0.5323532676982458
3.93,0.6940250278203229
3.935,0.7765299772642393
3.94,0.8386555537012796
3.9450000000000003,0.8958185934830779
3.95,0.8542124048508075
3.955,0.818042671163308
3.96,0.816970155208867
3.965,0.824735035381061
3.9699999999999998,0.8830513874662109
3.975,0.9348143979004603
3.98,0.9712301826302558
3.985,1.0161216676742013
3.99,1.081928976882494
3.995,1.0868919132227457
4.0,1.0685448857909525
4.005025125628141,1.079044290217042
4.010050251256281,1.3706507019591097
4.015075376884422,1.5409205439337228
4.0201005025125625,1.686089143592651
4.025125628140704,1.7807837988565596
4.030150753768845,1.7857339136419512
4.035175879396985,1.742706196689792
4.040201005025126,1.6922797269065772
4.045226130653266,1.5935108295135616
4.050251256281407,1.3428297432649456
4.055276381909548,1.2597581730669583
4.060301507537688,1.1429527548783458
4.065326633165829,1.0506822210511606
4.0703517587939695,0.9870918447591389
4.075376884422111,0.9947484148818735
4.080402010050252,0.997579814290566
4.085427135678392,1.039797187311064
4.090452261306533,1.1725298102163544
4.0954773869346734,1.2655783101843203
4.100502512562814,1.3634389692839206
4.105527638190955,1.4458222683895139
4.110552763819095,1.5559013008690494
4.115577889447236,1.5686912074659562
4.1206030150753765,1.590961452913929
4.125628140703517,1.5816955512126851
4.130653266331659,1.4815836710877992
4.135678391959799,1.4254659188230352
4.14070351758794,1.3711669861595996
4.1457286432160805,1.3316983100402284
4.150753768844221,1.2564832968002402
4.155778894472362,1.2187324180532821
4.160804020100502,1.1954968279865907
4.165829145728643,1.1690820450272084
4.1708542713567835,1.1396877580100613
4.175879396984925,1.1558951656802618
4.180904522613066,1.1763053777918384
4.185929648241206,1.19367506466626
4.190954773869347,1.2205983279035737
4.1959798994974875,1.231891271865338
4.201005025125628,1.2404340627860877
4.206030150753769,1.2350365823950318
4.211055276381909,1.2294213678194308
4.21608040201005,1.2521025497094878
4.221105527638191,1.266912702123552
4.226130653266332,1.2695911940506677
4.231155778894473,1.2436852195479369
4.236180904522613,1.236271625515202
4.241206030150754,1.237738529725079
4.2462311557788945,1.2500233661292097
4.251256281407035,1.2986320927441306
4.256281407035176,1.3192022043140317
4.261306532663316,1.3358583199074667
4.266331658291457,1.3617952989660376
4.271356783919598,1.455372581068504
4.276381909547739,1.504836715190389
4.28140703517588,1.545717760511925
4.28643216080402,1.5941140252024006
4.291457286432161,1.7152292485595038
4.296482412060302,1.7581083882545467
4.301507537688442,1.7809576445193749
4.306532663316583,1.7858143430608906
4.311557788944723,1.8367233020098592
4.316582914572864,1.894495896434194
4.321608040201005,1.9601536900205045
4.326633165829146,2.022163510815829
4.331658291457287,2.1770959220020605
4.336683417085427,2.2680461904310945
4.341708542713568,2.3532571827785844
4.346733668341709,2.444809475885186
4.351758793969849,2.617809026272352
4.35678391959799,2.674111216908713
4.36180904522613,2.7129669603246187
4.366834170854271,2.766733529716225
4.371859296482412,2.849029512827482
4.376884422110553,2.8932332835341845
4.381909547738694,2.9371022790638395
4.386934673366834,2.9470550880317794
4.391959798994975,2.901954576968599
4.396984924623116,2.837947091437929
4.402010050251256,2.7918339910277616
4.407035175879397,2.698351352964621
4.4120603015075375,2.5452976477380793
4.417085427135678,2.466851788987332
4.422110552763819,2.372960968419624
4.42713567839196,2.2916671997098534
4.432160804020101,2.141848845955755
4.437185929648241,2.0877025758747343
4.442211055276382,2.023598555007638
4.447236180904523,1.9791389265662984
4.452261306532663,1.8609628017276434
4.457286432160804,1.79682307548907
4.4623115577889445,1.7139829898277872
4.467336683417085,1.6450191765389848
4.472361809045226,1.519921228534229
4.477386934673367,1.4380599877811078
4.482412060301508,1.3561455797446673
4.4874371859296485,1.2600528734819028
4.492462311557789,1.0830411631577075
4.49748743718593,0.9959840597549743
4.50251256281407,0.902786052157985
4.507537688442211,0.8238598978357909
4.5125628140703515,0.6690655259539232
4.517587939698492,0.6054723117187111
4.522613065326633,0.5462478070784358
4.527638190954773,0.4944091925207297
4.532663316582915,0.40950776453444687
4.5376884422110555,0.3708415100619131
4.542713567839196,0.3354819689908833
4.547738693467337,0.3182423777767505
4.552763819095477,0.34323226444202476
4.557788944723618,0.37200306115138354
4.562814070351759,0.40817168171248724
4.567839195979899,0.4401297890361433
4.572864321608041,0.5073740838198183
4.577889447236181,0.5364844572361812
4.582914572864322,0.5499099116091654
4.5879396984924625,0.5562327267879875
4.592964824120603,0.5432914609912437
4.597989949748744,0.5206223086230554
4.603015075376884,0.4952986094095157
4.608040201005025,0.4635853788462272
4.613065326633166,0.3881399103802648
4.618090452261306,0.35689633441238927
4.623115577889447,0.32998129076812827
4.628140703517588,0.3306374615103376
4.633165829145729,0.3387150229174962
4.63819095477387,0.3669080027254789
4.64321608040201,0.42833449444213567
4.648241206030151,0.5037911368394645
4.653266331658291,0.61945022613524
4.658291457286432,0.6438355019886679
4.663316582914573,0.6507885144453611
4.668341708542713,0.6385731526121342
4.673366834170855,0.5734827935003804
4.678391959798995,0.5376677207569746
4.683417085427136,0.505151983199116
4.688442211055277,0.4730456766835524
4.693467336683417,0.4457368120887033
4.698492462311558,0.46348849667925957
4.703517587939698,0.4874537889441419
4.708542713567839,0.5149909599449295
4.71356783919598,0.5574213241068195
4.71859296482412,0.5435404385498838
4.723618090452261,0.5101052715430414
4.728643216080402,0.4576507973040143
4.733668341708543,0.3245568045026941
4.738693467336684,0.2588690624543613
4.743718592964824,0.1988735111647602
4.748743718592965,0.15826169637028412
4.7537688442211055,0.19975289506037203
4.758793969849246,0.2670948459424105
4.763819095477387,0.3003563160481231
4.768844221105527,0.35217615568632693
4.773869346733669,0.4142467567211601
4.778894472361809,0.4444078690729947
4.78391959798995,0.4851633731579497
4.788944723618091,0.5394796470025538
4.793969849246231,0.6083904286936145
4.798994974874372,0.6253929117770682
4.8040201005025125,0.642603690905211
4.809045226130653,0.6497444268541285
4.814070351758794,0.6490488656256939
4.819095477386934,0.6415605903186385
4.824120603015075,0.6431036219381757
4.8291457286432165,0.6325357335526587
4.834170854271357,0.6114524624416848
4.839195979899498,0.5853822234420858
4.844221105527638,0.5594723201669587
4.849246231155779,0.5338101895580488
4.8542713567839195,0.558984036060065
4.85929648241206,0.6127671585928868
4.864321608040201,0.6872964791914767
4.869346733668341,0.7662102392326795
4.874371859296483,0.9677998165292242
4.8793969849246235,1.0544196470973974
4.884422110552764,1.1479347786163636
4.889447236180905,1.1921607779964076
4.894472361809045,1.3205915501902925
4.899497487437186,1.3753990216584422
4.9045226130653266,1.4354537065509982
4.909547738693467,1.4843870150405518
4.914572864321608,1.5595118800464458
4.919597989949748,1.5704338963356592
4.924623115577889,1.598941781940168
4.9296482412060305,1.5971727662532316
4.934673366834171,1.4945061956596233
4.939698492462312,1.4372944842286148
4.944723618090452,1.3669480566905239
4.949748743718593,1.3130121752188744
4.954773869346734,1.2534937087249383
4.959798994974874,1.2403957889141675
4.964824120603015,1.216288372855714
4.969849246231155,1.212713515314726
4.974874371859297,1.2910951643740285
4.9798994974874375,1.3494221649020741
4.984924623115578,1.4018185648396158
4.989949748743719,1.4587720411736715
4.994974874371859,1.5820920952779582
5.0,1.6147850746244838
5.005025125628141,1.64692780034129
5.010050251256281,1.6565114223747448
5.015075376884422,1.6179323611047527
5.0201005025125625,1.6067618260184053
5.025125628140704,1.5758801208283582
5.030150753768845,1.5453683973269934
5.035175879396985,1.5345550301800845
5.040201005025126,1.5435433036095878
5.045226130653266,1.5666880501443163
5.050251256281407,1.6025015916216745
5.055276381909548,1.6405629488443898
5.060301507537688,1.6977231266708361
5.065326633165829,1.7268711857014698
5.0703517587939695,1.7738930407005942
5.075376884422111,1.8951311830240143
5.080402010050252,1.9793451542644098
5.085427135678392,2.0528251542508436
5.090452261306533,2.098408749324592
5.0954773869346734,2.170858411029379
5.100502512562814,2.200693154500645
5.105527638190955,2.21898228124111
5.110552763819095,2.2436509932841604
5.115577889447236,2.2772383576415534
5.1206030150753765,2.268717266735765
5.125628140703517,2.289587978868469
5.130653266331659,2.334530354695565
5.135678391959799,2.4357291939411083
5.14070351758794,2.4629422980301428
5.1457286432160805,2.4400922011565465
5.150753768844221,2.443545319196065
5.155778894472362,2.5001568179458262
5.160804020100502,2.5127792291580255
5.165829145728643,2.5302564996371415
5.1708542713567835,2.549141420491221
5.175879396984925,2.6198529110721083
5.180904522613066,2.6438055307062585
5.185929648241206,2.6683489097054007
5.190954773869347,2.682626433008517
5.1959798994974875,2.648564254669499
5.201005025125628,2.613758851790272
5.206030150753769,2.567689964005974
5.211055276381909,2.5350124622900774
5.21608040201005,2.4475416433819874
5.221105527638191,2.4047324273802273
5.226130653266332,2.3475972511214525
5.231155778894473,2.2892290891184306
5.236180904522613,2.204708626253365
5.241206030150754,2.1571449987529814
5.2462311557788945,2.0963851190079557
5.251256281407035,2.051092495490391
5.256281407035176,1.9150412779637416
5.261306532663316,1.847752646844539
5.266331658291457,1.7812166635311382
5.271356783919598,1.7134607496636742
5.276381909547739,1.5776550180841185
5.28140703517588,1.4960938884966413
5.28643216080402,1.4102336673633205
5.291457286432161,1.331422036311552
5.296482412060302,1.1695295669135517
5.301507537688442,1.0951502491553387
5.306532663316583,1.0163665653941003
5.311557788944723,0.935648607711784
5.316582914572864,0.7614516289837457
5.321608040201005,0.6875346611568031
5.326633165829146,0.6274860433890144
5.331658291457287,0.5877396125428335
5.336683417085427,0.5385466012185018
5.341708542713568,0.5337581405618091
5.346733668341709,0.5475898975894278
5.351758793969849,0.5413012781104438
5.35678391959799,0.5322893848669161
5.36180904522613,0.5464432780636981
5.366834170854271,0.568626612824268
5.371859296482412,0.5983921199556358
5.376884422110553,0.5725182275194388
5.381909547738694,0.571022235243077
5.386934673366834,0.5727599118243175
5.391959798994975,0.5826226207168753
5.396984924623116,0.6275323331422852
5.402010050251256,0.6604501997168295
5.407035175879397,0.690189448240119
5.4120603015075375,0.7019555882497125
5.417085427135678,0.6890992934563204
5.422110552763819,0.6998694666050235
5.42713567839196,0.7096972214465828
5.432160804020101,0.7151168872044625
5.437185929648241,0.7346410485223379
5.442211055276382,0.7457482474971028
5.447236180904523,0.7645857755464719
5.452261306532663,0.7766850434030516
5.457286432160804,0.7860694694656446
5.4623115577889445,0.7879669616709828
5.467336683417085,0.7957138394228166
5.472361809045226,0.8106115213349733
5.477386934673367,0.8342293951030496
5.482412060301508,0.8606805739157821
5.4874371859296485,0.8622901720963773
5.492462311557789,0.8468433757106446
5.49748743718593,0.8565368666006151
5.50251256281407,0.8603060102806442
5.507537688442211,0.8597352535042401
5.5125628140703515,0.8546629440346645
5.517587939698492,0.8448053440041677
5.522613065326633,0.8461286443780284
5.527638190954773,0.8476649224056638
5.532663316582915,0.8560984939509005
5.5376884422110555,0.8880664573994449
5.542713567839196,0.9088954302476165
5.547738693467337,0.9319707052289787
5.552763819095477,0.9462690671399969
5.557788944723618,0.9286543501394908
5.562814070351759,0.892741324430543
5.567839195979899,0.8368428596707986
5.572864321608041,0.7709144301658907
5.577889447236181,0.6503360484534131
5.582914572864322,0.5928130516756527
5.5879396984924625,0.5644807160399725
5.592964824120603,0.5552961830356842
5.597989949748744,0.5713974924638715
5.603015075376884,0.6070326508294261
5.608040201005025,0.6943295319320647
5.613065326633166,0.7325901304590446
5.618090452261306,0.8061747130014685
5.623115577889447,0.8436586809196003
5.628140703517588,0.853450216624848
5.633165829145729,0.9037040598210235
5.63819095477387,0.9125004550557769
5.64321608040201,0.9049269233617707
5.648241206030151,0.8693543002389762
5.653266331658291,0.7858326498708232
5.658291457286432,0.607711565076723
5.663316582914573,0.5845700782712028
5.668341708542713,0.6302738104141723
5.673366834170855,0.72134899332362
5.678391959798995,0.972191180783389
5.683417085427136,1.0946421666069694
5.688442211055277,1.1759921837121197
5.693467336683417,1.2030984376724956
5.698492462311558,1.1077976780423402
5.703517587939698,1.0578480872318103
5.708542713567839,1.025465998385612
5.71356783919598,1.050861484638199
5.71859296482412,1.085825337967852
5.723618090452261,1.1047236881455924
5.728643216080402,1.1284008341657676
5.733668341708543,1.1515542887423935
5.738693467336684,1.1714792830434517
5.743718592964824,1.2064128217426238
5.748743718592965,1.2683647252982875
5.7537688442211055,1.3593976612992977
5.758793969849246,1.497109928446806
5.763819095477387,1.6131917244397826
5.768844221105527,1.7623718522099698
5.773869346733669,1.8825208486986276
5.778894472361809,2.011031898098337
5.78391959798995,2.0154169837730853
5.788944723618091,1.9678967234824596
5.793969849246231,1.909740658312013
5.798994974874372,1.7178178384968528
5.8040201005025125,1.6093704209118547
5.809045226130653,1.5863245252504292
5.814070351758794,1.542982247879735
5.819095477386934,1.5025924596596376
5.824120603015075,1.5029985342235035
5.8291457286432165,1.5538587581208916
5.834170854271357,1.5993149458358726
5.839195979899498,1.8223630813520668
5.844221105527638,1.9868876640200372
5.849246231155779,2.06641071962207
5.8542713567839195,2.116126041050249
5.85929648241206,2.1984800893424077
5.864321608040201,2.2693901798778455
5.869346733668341,2.278503864656806
5.874371859296483,2.2238527298454365
5.8793969849246235,1.9874663993210049
5.884422110552764,1.9147160723376195
5.889447236180905,1.8644475384172117
5.894472361809045,1.825055238960728
5.899497487437186,1.7289854718837285
5.9045226130653266,1.690353236752011
5.909547738693467,1.6450424855221826
5.914572864321608,1.611489258044868
5.919597989949748,1.5478318161069697
5.924623115577889,1.5387845956920025
5.9296482412060305,1.5183756639547408
5.934673366834171,1.5208392505541144
5.939698492462312,1.6002922190103284
5.944723618090452,1.6787693125802008
5.949748743718593,1.7629984350446826
5.954773869346734,1.8593884055468346
5.959798994974874,2.0840684539671437
5.964824120603015,2.174680440785956
5.969849246231155,2.2823032102183527
5.974874371859297,2.35712953373738
5.9798994974874375,2.4610729168545578
5.984924623115578,2.4854811570231226
5.989949748743719,2.5113979397960806
5.994974874371859,2.476663916606773
6.0,2.430610867674832
6.005,2.4020277045025935
6.01,2.257713340132888
6.015,2.1729163545295527
6.02,2.012865613947439
6.025,1.8724763512322393
6.03,1.7845341280642406
6.035,1.7086869389086463
6.04,1.5685431521007003
6.045,1.488051745955765
6.05,1.3764483850715217
6.055,1.277279330693173
6.06,1.1370993038380597
6.065,1.0953666231052506
6.07,1.0555051942974985
6.075,1.007115497015114
6.08,0.9206126058017021
6.085,0.8695206306730162
6.09,0.8287264839342351
6.095,0.7972883422833925
6.1,0.7328067075607319
6.105,0.6899623460225928
6.11,0.6493266475064765
6.115,0.6502942285235199
6.12,0.5708985658214601
6.125,0.6211320615786952
6.13,0.639072371367281
6.135,0.6700665910944971
6.14,0.7917590541275799
6.145,0.8486983697545318
6.15,0.8818219215765732
6.155,0.8951348350198421
6.16,0.8782208241558611
6.165,0.8806524428728963
6.17,0.8168847687917801
6.175,0.7767897797267933
6.18,0.7596715386389041
6.185,0.7395050935010522
6.19,0.7108454540601635
6.195,0.6881534064189466
6.2,0.6586368656072935
6.205,0.6510668845502742
6.21,0.6239645553314708
6.215,0.5821800804596461
6.22,0.5011501613079656
6.225,0.4802652929267323
6.23,0.46275669151833987
6.235,0.46475363132954645
6.24,0.521908092829571
6.245,0.5333063310453008
6.25,0.5463093892923679
6.255,0.5586631773152764
6.26,0.594631970607871
6.265,0.6244592983950195
6.27,0.6553981881123871
6.275,0.6850230878955833
6.28,0.7730732424874115
6.285,0.8358217411978466
6.29,0.9064549500245448
6.295,0.964100980703785
6.3,1.0889544374720184
6.305,1.1792003318266155
6.31,1.265480304137524
6.315,1.3652456927487446
6.32,1.5899093761853222
6.325,1.677504848287778
6.33,1.738224511715906
6.335,1.7880610123094234
6.34,1.9575657167650846
6.345,2.1245768216266034
6.35,2.341533164700641
6.355,2.548256216437036
6.36,2.783602219998037
6.365,2.8313977081515764
6.37,2.863805868392793
6.375,2.913776875065419
6.38,2.9299197100666428
6.385,2.945108628315431
6.39,2.9360243560137573
6.395,2.898117448707868
6.4,2.768962158729331
6.405,2.6974652101048497
6.41,2.6237408382136373
6.415,2.5423656341346734
6.42,2.347425682820012
6.425,2.251597607137652
6.43,2.1247993032994907
6.435,1.9831289630508147
6.44,1.689262469535448
6.445,1.5413404207361203
6.45,1.4092827527675202
6.455,1.311360945045261
6.46,1.138170610898911
6.465,1.060613953346834
6.47,0.9864500258725729
6.475,0.9204687089352902
6.48,0.7763488792740028
6.485,0.71452298591158
6.49,0.6489576320816329
6.495,0.589873452771016
6.5,0.4652043299218097
6.505,0.3986611730091106
6.51,0.3355747938999591
6.515,0.2714626277353846
6.52,0.33830624997182657
6.525,0.664104253262242
6.53,0.9278294096195702
6.535,0.9873906994842517
6.54,0.5960695233695479
6.545,0.44275171643823136
6.55,0.45593685307726556
6.555,0.6025431386763939
6.5600000000000005,0.678681872273748
6.565,0.797987269378403
6.57,0.8912622165479697
6.575,0.8391756711869095
6.58,0.8207263037980445
6.585,0.8191247547522904
6.59,0.789944832089558
6.595,0.7741969232960049
6.6,0.7485606244820789
6.605,0.7712350115788312
6.61,0.7782653872773734
6.615,0.7588442544593719
6.62,0.6445562571552618
6.625,0.6160529204873556
6.63,0.6364008663044072
6.635,0.6515281717055679
6.64,0.6109640419451868
6.645,0.6021906443801663
6.65,0.5968261455281596
6.655,0.5898656028444107
6.66,0.5653402385979616
6.665,0.5590802861593316
6.67,0.5540447216867967
6.675,0.5566517951277979
6.68,0.6306932503689888
6.6850000000000005,0.7064696647344456
6.69,0.7937234780432036
6.695,0.8938323384449682
6.7,1.0835715349500465
6.705,1.2170855664594826
6.71,1.3124407429853737
6.715,1.4215860333592194
6.72,1.6169838059461201
6.725,1.7167521735632083
6.73,1.7608526121745682
6.735,1.8880936542441427
6.74,2.1180037104202625
6.745,2.187675211990116
6.75,2.246453259803996
6.755,2.2739789419313015
6.76,2.336603110473407
6.765,2.3706880945601005
6.77,2.4243135829584834
6.775,2.5142674642157705
6.78,2.649250808191063
6.785,2.6643677850225553
6.79,2.6308918187422683
6.795,2.5657274414951012
6.8,2.331181583931633
6.805,2.204634735159772
6.8100000000000005,2.1019042014157066
6.815,2.0338175558926124
6.82,1.9812549616071626
6.825,1.9787006375647125
6.83,1.990025762127968
6.835,2.002830468786113
6.84,2.0172300740265103
6.845,2.046255993716817
6.85,2.0390097614884044
6.855,2.025055257861622
6.86,1.988966979418462
6.865,1.9552232483698633
6.87,1.935359332221797
6.875,1.920821088908855
6.88,1.8643032260045576
6.885,1.842097417542297
6.89,1.812388171919581
6.895,1.786501564104829
6.9,1.7126472388285334
6.905,1.6731094454491016
6.91,1.6495289802877062
6.915,1.5948003112082716
6.92,1.4493860218937533
6.925,1.4219717244984162
6.93,1.4204921307163234
6.9350000000000005,1.367792034807558
6.94,1.27039831938176
6.945,1.218634049280587
6.95,1.2387301212144637
6.955,1.177927683614321
6.96,1.103278209277243
6.965,1.074967479999744
6.97,1.050028976366843
6.975,1.0282433827056705
6.98,0.953100729136223
6.985,0.8937653053648928
6.99,0.8318397018837224
6.995,0.8032476295308938
7.0,0.7055677832972534
7.005235602094241,0.6698280191885079
7.010471204188482,0.6597887924184527
7.015706806282722,0.6524151371496525
7.020942408376963,0.6816858838776112
7.026178010471204,0.6854519036941978
7.031413612565445,0.6681070863783739
7.036649214659686,0.6462412157344964
7.041884816753926,0.5990566873477
7.047120418848167,0.6061788113964393
7.052356020942408,0.6321663162032598
7.057591623036649,0.6643708923380072
7.06282722513089,0.7611976383581336
7.0680628272251305,0.8285879291167595
7.0732984293193715,0.9013984120542925
7.0785340314136125,0.9278860768445661
7.0837696335078535,0.9982401987207288
7.0890052356020945,1.0313563835522617
7.0942408376963355,1.0457864265035188
7.099476439790576,1.030984857732644
7.104712041884817,0.9845898421281828
7.109947643979058,0.9560951283873379
7.115183246073299,0.9215898720472138
7.12041884816754,0.9177531842843151
7.12565445026178,0.8697012709258276
7.130890052356021,0.8601492609407975
7.136125654450262,0.8281040771962181
7.141361256544503,0.796224384212139
7.146596858638744,0.7692374063766011
7.151832460732984,0.7839001535406152
7.157068062827225,0.8003085559170288
7.162303664921466,0.8215505231992735
7.167539267015707,0.8168165811649516
7.172774869109948,0.8164113856782008
7.178010471204188,0.8365281976245631
7.183246073298429,0.8762021725383932
7.18848167539267,0.9086938833523642
7.193717277486911,0.9483266139859199
7.198952879581152,1.0127326667200973
7.204188481675392,1.0947650669239497
7.209424083769633,1.2737421202288162
7.214659685863874,1.3535701388867885
7.219895287958115,1.414705659027347
7.225130890052356,1.4345403798192644
7.230366492146597,1.3898527321403518
7.2356020942408374,1.330811551701442
7.2408376963350785,1.267490785868284
7.2460732984293195,1.2046042485551012
7.2513089005235605,1.0909913885288005
7.2565445026178015,1.018248349237061
7.261780104712042,0.9429855309536832
7.267015706806283,0.8615034477528224
7.272251308900524,0.7385551749497122
7.277486910994765,0.7247842633839396
7.282722513089006,0.7987801011423608
7.287958115183246,0.9736831322303987
7.293193717277487,1.3985833875282516
7.298429319371728,1.54523239117325
7.303664921465969,1.6457077000053808
7.30890052356021,1.7408819200456993
7.31413612565445,1.9850474412209902
7.319371727748691,2.098033156213457
7.324607329842932,2.165430161655185
7.329842931937173,2.1799994788517725
7.335078534031414,2.134358315223805
7.340314136125654,2.079117268929533
7.345549738219895,2.025101737822078
7.350785340314136,1.9224687667644955
7.356020942408377,1.8829856708336898
7.361256544502618,1.8207696253565413
7.366492146596858,1.8010131301536922
7.371727748691099,1.8239635543730033
7.37696335078534,1.9598547638457806
7.382198952879581,2.0456227178895916
7.387434554973822,2.1215067620434302
7.392670157068062,2.162508953400887
7.397905759162303,2.1594582598086953
7.403141361256544,2.107877811005894
7.408376963350785,2.0686713724178136
7.4136125654450264,2.0187361573234375
7.418848167539267,1.8708525072001265
7.424083769633508,1.7966120156207905
7.429319371727749,1.73079451163938
7.43455497382199,1.6801314901870033
7.439790575916231,1.5853994073891917
7.445026178010472,1.5318143755129079
7.450261780104712,1.4684191139596352
7.455497382198953,1.4201523836585284
7.460732984293194,1.3393294080740556
7.465968586387435,1.3141153085806436
7.471204188481676,1.2965220158566533
7.476439790575916,1.2659150020163281
7.481675392670157,1.180400024285835
7.486910994764398,1.1430068608652355
7.492146596858639,1.1097398448384197
7.49738219895288,1.1004423733303803
7.502617801047121,1.0760201664541422
7.507853403141361,1.0565913264687536
7.513089005235602,1.0432966769107432
7.518324607329843,1.023204017457418
7.523560209424084,0.9843672625245112
7.528795811518325,0.9687570373808905
7.534031413612565,0.9537549222798276
7.539267015706806,0.9328584602483916
7.544502617801047,0.9203944045315574
7.549738219895288,0.9142214420095386
7.554973821989529,0.9073215287405011
7.560209424083769,0.9024546596267317
7.56544502617801,0.8822292261391026
7.570680628272251,0.8568694081527243
7.575916230366492,0.8375294990828681
7.581151832460733,0.8146195890113372
7.5863874345549736,0.7833191324983707
7.591623036649215,0.7811550177595994
7.596858638743456,0.7694810824724672
7.602094240837697,0.7683688663792931
7.607329842931938,0.7754153023799568
7.612565445026178,0.7749077670129523
7.617801047120419,0.7763402267910636
7.62303664921466,0.789056329853579
7.628272251308901,0.827339442737381
7.633507853403142,0.8565106058590284
7.638743455497382,0.8589128967974575
7.643979057591623,0.8463130242522562
7.649214659685864,0.7908278153340332
7.654450261780105,0.757640149083983
7.659685863874346,0.7278301824505494
7.664921465968586,0.6997577049622248
7.670157068062827,0.6641057602422976
7.675392670157068,0.6566683696372165
7.680628272251309,0.650455522175037
7.68586387434555,0.6480010036172784
7.69109947643979,0.65704575205156
7.696335078534031,0.6668633365083134
7.701570680628272,0.6711868591122744
7.706806282722513,0.6775710639733665
7.712041884816754,0.6702484460705598
7.717277486910994,0.6628716298175689
7.722513089005235,0.6556005020162812
7.727748691099476,0.6444360372465214
7.732984293193717,0.6240530514291233
7.738219895287958,0.6044181934935446
7.7434554973821985,0.5807964992637267
7.7486910994764395,0.5561295324310696
7.7539267015706805,0.5262713359560827
7.7591623036649215,0.5175633843810823
7.7643979057591626,0.49379905778767946
7.769633507853404,0.4898439403616217
7.774869109947644,0.474467812443584
7.780104712041885,0.47211159833348726
7.785340314136126,0.4761885360075356
7.790575916230367,0.4895930094803234
7.795811518324608,0.5267904513969478
7.801047120418848,0.5484784632171075
7.806282722513089,0.5762758626742924
7.81151832460733,0.606453619117736
7.816753926701571,0.6599398899543807
7.821989528795812,0.6859967435797345
7.827225130890053,0.7159135426558154
7.832460732984293,0.7483570940807603
7.837696335078534,0.81646855895068
7.842931937172775,0.8584814273686997
7.848167539267016,0.8919827680566481
7.853403141361257,0.917114996178778
7.858638743455497,0.9783849294239972
7.863874345549738,1.0308473362797228
7.869109947643979,1.0656636790610816
7.87434554973822,1.1073544433707754
7.879581151832461,1.187234859194254
7.884816753926701,1.23116768674458
7.890052356020942,1.2690893823978673
7.895287958115183,1.2965559432793479
7.900523560209424,1.3535618724491318
7.905759162303665,1.3834804465192128
7.9109947643979055,1.4012678535658343
7.9162303664921465,1.3962701633029335
7.9214659685863875,1.3632580507790886
7.9267015706806285,1.371030627791006
7.9319371727748695,1.4010115858371763
7.93717277486911,1.445883271694503
7.942408376963351,1.5094927083026932
7.947643979057592,1.551038684695195
7.952879581151833,1.6200018540304204
7.958115183246074,1.7013369905818188
7.963350785340314,1.7942109330875786
7.968586387434555,1.7453139071977852
7.973821989528796,1.8726708418520859
7.979057591623037,1.9672353730949432
7.984293193717278,2.097573856595996
7.989528795811518,2.1293456548482212
7.994764397905759,2.0999313480161677
8.0,2.0641756208234803
8.004878048780487,1.9854369805896634
8.009756097560976,1.9341094508809475
8.014634146341463,1.9986661666156258
8.019512195121951,2.001123207222384
8.024390243902438,1.9224300606029858
8.029268292682927,1.9043824988321019
8.034146341463414,1.8998419780571225
8.039024390243902,1.8970146110354555
8.04390243902439,1.8630586089487362
8.048780487804878,1.8528633011579672
8.053658536585365,1.8394585267110535
8.058536585365854,1.8171672096626112
8.06341463414634,1.725200969090268
8.06829268292683,1.6678540098207038
8.073170731707316,1.6103802045957967
8.078048780487805,1.5542367013289835
8.082926829268292,1.388650237798921
8.08780487804878,1.330965989619945
8.092682926829267,1.276672871322564
8.097560975609756,1.2283010560607688
8.102439024390243,1.1337012460723503
8.107317073170732,1.091752920283706
8.112195121951219,1.0570469688571082
8.117073170731707,1.0184425340101424
8.121951219512194,0.955008478082263
8.126829268292683,0.9402291076721674
8.13170731707317,0.9214626311744823
8.136585365853659,0.9035543066285502
8.141463414634146,0.8438788481257248
8.146341463414634,0.818577286846514
8.151219512195121,0.8086122939338728
8.15609756097561,0.7841999697781172
8.160975609756097,0.7398235776426701
8.165853658536586,0.7128835685748409
8.170731707317072,0.6932121857072335
8.175609756097561,0.671177799875711
8.180487804878048,0.6681153264744044
8.185365853658537,0.6596925638393994
8.190243902439024,0.6600086248572817
8.195121951219512,0.6620036585722167
8.2,0.6541082548263705
8.204878048780488,0.6522023825424129
8.209756097560975,0.6480655496537369
8.214634146341464,0.6499041956965657
8.21951219512195,0.6574951129711916
8.22439024390244,0.6672961244132922
8.229268292682926,0.6737767761106048
8.234146341463415,0.6814859594430395
8.239024390243902,0.691274767985929
8.24390243902439,0.697354230965153
8.248780487804877,0.7005797713479885
8.253658536585366,0.7081819491041832
8.258536585365853,0.7264953855139067
8.263414634146342,0.7335675619900324
8.268292682926829,0.7440925591194955
8.273170731707317,0.7531874863544934
8.278048780487804,0.7667788544952188
8.282926829268293,0.7668575258318848
8.28780487804878,0.7645289525518311
8.292682926829269,0.7691849719820324
8.297560975609755,0.7738948261075274
8.302439024390244,0.7729260074412039
8.307317073170731,0.774339290488995
8.31219512195122,0.7706882785179751
8.317073170731707,0.7620325992226318
8.321951219512195,0.7608540001905753
8.326829268292682,0.7591526465882867
8.331707317073171,0.764526155920123
8.336585365853658,0.7740125479667627
8.341463414634147,0.7762965267460624
8.346341463414634,0.7793414282341213
8.351219512195122,0.7800519492738929
8.35609756097561,0.7794763111275416
8.360975609756098,0.7787567235465771
8.365853658536585,0.7817196465089004
8.370731707317074,0.7855712318994376
8.37560975609756,0.8076494705309972
8.38048780487805,0.8163335530547547
8.385365853658536,0.82382655476866
8.390243902439025,0.8292180641767278
8.395121951219512,0.8369964795182833
8.4,0.8385140690441635
8.404878048780487,0.8420359282554397
8.409756097560976,0.8425136496585678
8.414634146341463,0.855189289968601
8.419512195121952,0.8700592158818846
8.424390243902439,0.8959622550950459
8.429268292682927,0.9176134739273394
8.434146341463414,0.9473264787870125
8.439024390243903,0.9521050874021207
8.44390243902439,0.9531247761977443
8.448780487804878,0.9550924263782015
8.453658536585365,0.9636343147070885
8.458536585365854,0.9704485303476944
8.463414634146341,0.9830993967097121
8.46829268292683,1.0012243747801988
8.473170731707317,1.0268944674941043
8.478048780487805,1.0444967021312226
8.482926829268292,1.0594130522426086
8.487804878048781,1.0815471260379734
8.492682926829268,1.1181112092081897
8.497560975609757,1.1422347653648088
8.502439024390243,1.1621853922756902
8.507317073170732,1.1836463658770722
8.512195121951219,1.199056651012787
8.517073170731708,1.203841328067366
8.521951219512195,1.207715059978139
8.526829268292683,1.2157784062138954
8.53170731707317,1.2322153942545921
8.536585365853659,1.2401449075414535
8.541463414634146,1.2636651527900893
8.546341463414635,1.275242974505251
8.551219512195122,1.2878693252224775
8.55609756097561,1.289145987314858
8.560975609756097,1.2952906039839092
8.565853658536586,1.2994944320253936
8.570731707317073,1.312616606624341
8.575609756097561,1.3146677244585419
8.580487804878048,1.319115485402624
8.585365853658537,1.3267981244937
8.590243902439024,1.3399459852374647
8.595121951219513,1.3431675411850155
8.6,1.3449129893078586
8.604878048780488,1.3445192482735233
8.609756097560975,1.3487726283618007
8.614634146341464,1.3553671153761258
8.61951219512195,1.3634809314757577
8.62439024390244,1.3731025491772273
8.629268292682926,1.3778225860026392
8.634146341463415,1.372693954587839
8.639024390243902,1.3597646674112398
8.64390243902439,1.3492315613744736
8.648780487804878,1.3373364737436126
8.653658536585366,1.3381630086088165
8.658536585365853,1.3359317381247442
8.663414634146342,1.3377950805414855
8.668292682926829,1.3387718119272605
8.673170731707318,1.338561178227204
8.678048780487805,1.332184729059375
8.682926829268293,1.3281936232319445
8.68780487804878,1.3321646820663726
8.692682926829269,1.3429082819630684
8.697560975609756,1.354783458191751
8.702439024390245,1.362736856327369
8.707317073170731,1.3612333601447622
8.71219512195122,1.3478342774547618
8.717073170731707,1.3383580092068041
8.721951219512196,1.3218994729517066
8.726829268292683,1.3054358910632111
8.731707317073171,1.3094944351882523
8.736585365853658,1.3164750939269607
8.741463414634147,1.3201954487737793
8.746341463414634,1.318984425486139
8.751219512195123,1.3140099678058001
8.75609756097561,1.307904792306382
8.760975609756098,1.2946629148164397
8.765853658536585,1.2747194893132372
8.770731707317074,1.2583497447375274
8.77560975609756,1.2483597667992188
8.78048780487805,1.2403395743267245
8.785365853658536,1.2238634646238118
8.790243902439025,1.2204059933341853
8.795121951219512,1.2122301637750152
8.8,1.2126339391019862
8.804878048780488,1.1981447272817252
8.809756097560976,1.206710800009265
8.814634146341463,1.202308062831652
8.819512195121952,1.1989226859076443
8.824390243902439,1.1851852460463723
8.829268292682928,1.1771046356947201
8.834146341463414,1.1641472985348547
8.839024390243903,1.1453389042663311
8.84390243902439,1.1019957735177572
8.848780487804879,1.0737831775260775
8.853658536585366,1.0455219653613212
8.858536585365854,1.0217018079317468
8.863414634146341,0.9645674598373096
8.86829268292683,0.9379130973736319
8.873170731707317,0.913698962278058
8.878048780487806,0.8935604721612299
8.882926829268293,0.8563882159260484
8.887804878048781,0.8390803938872604
8.892682926829268,0.8222457579404103
8.897560975609757,0.807994361389979
8.902439024390244,0.7799968955995915
8.907317073170733,0.771938453389906
8.91219512195122,0.7649800949371167
8.917073170731708,0.7615019086732481
8.921951219512195,0.7579513401307502
8.926829268292684,0.7675515563537083
8.93170731707317,0.7718077474967454
8.93658536585366,0.7745495556599333
8.941463414634146,0.7737600747893367
8.946341463414633,0.7641947626861885
8.951219512195122,0.792709281897216
8.95609756097561,0.7898770364265567
8.960975609756098,0.7814699738281696
8.965853658536584,0.7827826665748291
8.970731707317073,0.7837599009033316
8.975609756097562,0.7846701303484159
8.980487804878049,0.8057753344959128
8.985365853658536,0.8065209015896612
8.990243902439024,0.8143898314050833
8.995121951219513,0.8202055780016374
9.0,0.8213777360137052
9.005555555555556,0.8307744358464577
9.011111111111111,0.845398061443247
9.016666666666667,0.8545367193637732
9.022222222222222,0.875726441884679
9.027777777777779,0.8835191683857232
9.033333333333333,0.8869801462676603
9.03888888888889,0.8893356409421586
9.044444444444444,0.8861941876823611
9.05,0.8807027262374063
9.055555555555555,0.8742858453995467
9.061111111111112,0.8694312148031034
9.066666666666666,0.8518112574608296
9.072222222222223,0.843441867797657
9.077777777777778,0.8360243927338484
9.083333333333334,0.8341091760135481
9.088888888888889,0.8331254233901401
9.094444444444445,0.8390726724628803
9.1,0.8306148281080707
9.105555555555556,0.8348542344661133
9.11111111111111,0.8435947412579099
9.116666666666667,0.8521544077583593
9.122222222222222,0.8571632554239594
9.127777777777778,0.8714551713421638
9.133333333333333,0.9028256930072383
9.13888888888889,0.916647253798319
9.144444444444444,0.925564631347806
9.15,0.9420024944048716
9.155555555555555,0.9869127223280688
9.161111111111111,1.0176780223592332
9.166666666666666,1.038925071734242
9.172222222222222,1.0537213188400432
9.177777777777777,1.0894951339248835
9.183333333333334,1.1072175593703344
9.188888888888888,1.1199271785518021
9.194444444444445,1.1381742917413835
9.2,1.16172472656004
9.205555555555556,1.17150587748675
9.21111111111111,1.19839488974336
9.216666666666667,1.195563845947175
9.222222222222221,1.2012712731148614
9.227777777777778,1.2028484316409112
9.233333333333333,1.202610844197324
9.238888888888889,1.1874987981189706
9.244444444444444,1.1948463371990559
9.25,1.194726632114644
9.255555555555556,1.184171286613554
9.261111111111111,1.1757322536823593
9.266666666666667,1.1608777094354081
9.272222222222222,1.1415684080316868
9.277777777777779,1.1111469919443602
9.283333333333333,1.118981383663285
9.28888888888889,1.023001858731938
9.294444444444444,1.0192674396452581
9.3,1.010750608956532
9.305555555555555,1.0050227488654173
9.311111111111112,0.9981755164002972
9.316666666666666,0.993389028314688
9.322222222222223,0.9858072699620347
9.327777777777778,0.9813251911191315
9.333333333333334,0.9858190686804552
9.338888888888889,0.9885671188938058
9.344444444444445,0.9881688327654339
9.35,0.9854240789578871
9.355555555555556,0.9792914850916452
9.36111111111111,0.9763933828380854
9.366666666666667,0.9699069965955499
9.372222222222222,0.9555882149639561
9.377777777777778,0.9267721720298899
9.383333333333333,0.9146953937355321
9.38888888888889,0.902533976893945
9.394444444444444,0.8924369878725332
9.4,0.8866854386049203
9.405555555555555,0.8838415828965053
9.411111111111111,0.880167820919397
9.416666666666666,0.887604496267341
9.422222222222222,0.8695957230886087
9.427777777777777,0.8634770472757223
9.433333333333334,0.8542913754363906
9.438888888888888,0.8492648921950089
9.444444444444445,0.8370965520918122
9.45,0.8319564111610657
9.455555555555556,0.8251522782789853
9.46111111111111,0.8252991758556409
9.466666666666667,0.8352335527886795
9.472222222222221,0.8463891596588416
9.477777777777778,0.85858226486342
9.483333333333333,0.8630030641944443
9.488888888888889,0.878260468456824
9.494444444444444,0.889131169955817
9.5,0.9071637299991662
9.505555555555556,0.9189628772638206
9.511111111111111,0.9402690116546434
9.516666666666667,0.9480131651200842
9.522222222222222,0.9547804780047612
9.527777777777779,0.9582135566949573
9.533333333333333,0.9534617740685779
9.53888888888889,0.9483557965774239
9.544444444444444,0.9412211788750825
9.55,0.9358413336447583
9.555555555555555,0.9224896437407847
9.561111111111112,0.9230220630678337
9.566666666666666,0.9249609073306828
9.572222222222223,0.9337828965257395
9.577777777777778,0.9727182639521066
9.583333333333334,0.9840371041469931
9.588888888888889,0.9867323350159354
9.594444444444445,0.973887411016797
9.6,0.9465485043409028
9.605555555555556,0.9299191628985822
9.61111111111111,0.918964701910253
9.616666666666667,0.9097926193182707
9.622222222222222,0.9047101836218049
9.627777777777778,0.9403594449751648
9.633333333333333,0.9787700509670287
9.63888888888889,1.0430223643402858
9.644444444444444,1.2107078772379405
9.65,1.2899049309701085
9.655555555555555,1.3403215244444149
9.661111111111111,1.3810610631699094
9.666666666666666,1.4259128174124112
9.672222222222222,1.4354650901996886
9.677777777777777,1.4310401030079487
9.683333333333334,1.4207775248876935
9.688888888888888,1.3721980935797864
9.694444444444445,1.3416026853957175
9.7,1.3146159864496552
9.705555555555556,1.2851622214105891
9.71111111111111,1.2402861762936004
9.716666666666667,1.240094660969476
9.722222222222221,1.2123056399196532
9.727777777777778,1.1566914003233533
9.733333333333334,1.175478110942947
9.738888888888889,1.1297756227335585
9.744444444444444,1.0719916270493905
9.75,1.072177606267264
9.755555555555556,1.1667805094691117
9.761111111111111,1.187196397588032
9.766666666666667,1.2217942416536427
9.772222222222222,1.2477996125055497
9.777777777777779,1.347297629917755
9.783333333333333,1.3716940117613694
9.78888888888889,1.2447044212542993
9.794444444444444,1.283295780576715
9.8,1.383561254012991
9.805555555555555,1.3161244608125025
9.811111111111112,1.2551875730284299
9.816666666666666,1.3260163708582184
9.822222222222223,1.4761601537546665
9.827777777777778,1.4929174754091399
9.833333333333334,1.5289496986480622
9.838888888888889,1.5693678468803929
9.844444444444445,1.56003303079422
9.85,1.5583258817500274
9.855555555555556,1.5628730320026
9.86111111111111,1.564310134576261
9.866666666666667,1.5424632986609437
9.872222222222222,1.5244529842632075
9.877777777777778,1.4888302496238448
9.883333333333333,1.4761397373047038
9.88888888888889,1.4297112717010383
9.894444444444444,1.4104561884986007
9.9,1.3850163308300736
9.905555555555555,1.3543900105693336
9.911111111111111,1.2948191240038123
9.916666666666666,1.2754280837405143
9.922222222222222,1.261978380664661
9.927777777777777,1.2442138762459611
9.933333333333334,1.2141909041913468
9.938888888888888,1.198984876532227
9.944444444444445,1.189597647672943
9.95,1.180683427949677
9.955555555555556,1.167048144325246
9.96111111111111,1.1579199886788378
9.966666666666667,1.144762100292458
9.972222222222221,1.1356122871204766
9.977777777777778,1.1134243183337607
9.983333333333334,1.0989123290913612
9.988888888888889,1.0939150902611225
9.994444444444444,1.0813640181479132
