0.0,1.1382971580874655
0.005050505050505051,1.1562650602958648
0.010101010101010102,1.1726474400752342
0.015151515151515152,1.1784579635956474
0.020202020202020204,1.1929745918748649
0.025252525252525256,1.204285893355062
0.030303030303030304,1.220016028775442
0.03535353535353536,1.2461497412839277
0.04040404040404041,1.3234135547794574
0.045454545454545456,1.3591086636873448
0.05050505050505051,1.4136875777080309
0.05555555555555556,1.4520215415950275
0.06060606060606061,1.561003234005939
0.06565656565656566,1.5960765323135353
0.07070707070707072,1.652249441295109
0.07575757575757576,1.7052391072955133
0.08080808080808081,1.8480661192884849
0.08585858585858587,1.9220513942316944
0.09090909090909091,1.9808862972341446
0.09595959595959597,1.8623099547639752
0.10101010101010102,2.0401566923511045
0.10606060606060606,2.313741956201253
0.11111111111111112,2.5078716729745163
0.11616161616161617,2.6744755398728177
0.12121212121212122,2.8298598544314877
0.12626262626262627,2.854577845351918
0.13131313131313133,2.834280370392809
0.13636363636363638,2.8350884171528055
0.14141414141414144,2.9003387544748978
0.14646464646464646,2.910458123842705
0.15151515151515152,2.9205006538597114
0.15656565656565657,2.924680698131678
0.16161616161616163,2.9286026631829043
0.16666666666666669,2.918612901288042
0.17171717171717174,2.893934861109697
0.1767676767676768,2.8779344136164746
0.18181818181818182,2.8198602453277717
0.18686868686868688,2.7684318745184973
0.19191919191919193,2.7073092547965407
0.196969696969697,2.62707430747952
0.20202020202020204,2.4689416689847086
0.2070707070707071,2.3731638659266663
0.21212121212121213,2.2718005546105937
0.21717171717171718,2.1914377693512086
0.22222222222222224,2.0956213753016075
0.2272727272727273,2.0353189029758947
0.23232323232323235,2.022077735183541
0.2373737373737374,1.9839285028369849
0.24242424242424243,1.8716081569230778
0.2474747474747475,1.76351130094366
0.25252525252525254,1.6845352621577858
0.2575757575757576,1.625744799735186
0.26262626262626265,1.5125656887715655
0.2676767676767677,1.4967878266521277
0.27272727272727276,1.4833987560285333
0.2777777777777778,1.526231298902627
0.2828282828282829,1.6093900915688526
0.2878787878787879,1.6781319615066033
0.29292929292929293,1.7628371235443165
0.297979797979798,1.826524496922776
0.30303030303030304,1.9614953152669015
0.3080808080808081,2.0397675279612137
0.31313131313131315,2.118935840341798
0.31818181818181823,2.2373486409927263
0.32323232323232326,2.4525833099648215
0.3282828282828283,2.596024601989742
0.33333333333333337,2.775093585282485
0.3383838383838384,2.9311465769212224
0.3434343434343435,3.3195741286973846
0.3484848484848485,3.4463517919048834
0.3535353535353536,3.533010107401053
0.3585858585858586,3.5669298310649458
0.36363636363636365,3.4438445707522867
0.36868686868686873,3.3176276795763266
0.37373737373737376,3.18942761967316
0.37878787878787884,3.0601316720461558
0.38383838383838387,2.896993033971259
0.3888888888888889,2.7773367340391046
0.393939393939394,2.6424102914093415
0.398989898989899,2.5586845900386
0.4040404040404041,2.4496678467067734
0.4090909090909091,2.3847357477921953
0.4141414141414142,2.355657558622857
0.4191919191919192,2.3802676581136835
0.42424242424242425,2.3085003253068863
0.42929292929292934,2.192644412645607
0.43434343434343436,2.2115135441742155
0.43939393939393945,2.083319743550183
0.4444444444444445,1.7457267699124626
0.44949494949494956,1.8994347987559352
0.4545454545454546,2.078060218393346
0.4595959595959596,2.198765324641536
0.4646464646464647,2.1007861372590977
0.4696969696969697,1.9687644013596446
0.4747474747474748,1.8774830620010927
0.47979797979797983,1.8273470440994508
0.48484848484848486,1.779964931406796
0.48989898989898994,1.7485201546613638
0.494949494949495,1.7038358020366868
0.5,1.6544457947001467
0.5050505050505051,1.475706894634907
0.5101010101010102,1.4060104628238013
0.5151515151515152,1.3497548370893138
0.5202020202020202,1.3554649842375124
0.5252525252525253,1.524814877667122
0.5303030303030304,1.4901656425233405
0.5353535353535354,1.3454538676435546
0.5404040404040404,1.2198730040725552
0.5454545454545455,1.117969895994521
0.5505050505050505,1.1077271280401144
0.5555555555555556,1.1357917497772203
0.5606060606060607,1.1100600059640922
0.5656565656565657,1.0881786627875039
0.5707070707070707,1.0614982522232432
0.5757575757575758,1.0135111211930532
0.5808080808080809,0.9540681710574983
0.5858585858585859,0.7592781444141534
0.5909090909090909,0.6607877797273494
0.595959595959596,0.5916828394790574
0.6010101010101011,0.5361064548669415
0.6060606060606061,0.4429782215120739
0.6111111111111112,0.4287943954962564
0.6161616161616162,0.441428871852533
0.6212121212121212,0.4645067871829216
0.6262626262626263,0.4884569471887978
0.6313131313131314,0.5391748093234697
0.6363636363636365,0.6088408554441792
0.6414141414141414,0.6545785191732157
0.6464646464646465,0.7041593764155952
0.6515151515151516,0.7091985913155778
0.6565656565656566,0.7089948196164764
0.6616161616161617,0.7135512169459176
0.6666666666666667,0.7141311591864621
0.6717171717171718,0.7268995383469438
0.6767676767676768,0.7500287400773387
0.6818181818181819,0.792062772504806
0.686868686868687,0.8965251411315803
0.6919191919191919,0.9606101276699096
0.696969696969697,1.023723937257501
0.7020202020202021,1.0893768424737145
0.7070707070707072,1.2267723896505822
0.7121212121212122,1.2949707422339702
0.7171717171717172,1.369159859383118
0.7222222222222223,1.4556400558427898
0.7272727272727273,1.6211626288272252
0.7323232323232324,1.6939147921867264
0.7373737373737375,1.7654592184185394
0.7424242424242425,1.8533098448767276
0.7474747474747475,2.04793097788695
0.7525252525252526,2.150544698718211
0.7575757575757577,2.2391926607994233
0.7626262626262627,2.284233580994072
0.7676767676767677,2.4662412209958293
0.7727272727272728,2.55249837271525
0.7777777777777778,2.5878276421216695
0.7828282828282829,2.610175299327806
0.787878787878788,2.6413817651732967
0.792929292929293,2.64658943273357
0.797979797979798,2.6384748559169555
0.8030303030303031,2.619373813172339
0.8080808080808082,2.5549985519739535
0.8131313131313131,2.502907816584942
0.8181818181818182,2.438727252738608
0.8232323232323233,2.3673145579812584
0.8282828282828284,2.2249118078638532
0.8333333333333334,2.1480958931192995
0.8383838383838385,2.058593484491049
0.8434343434343435,1.9724737520720015
0.8484848484848485,1.7731254330909587
0.8535353535353536,1.6848870829824176
0.8585858585858587,1.6448911540038142
0.8636363636363638,1.5737382705764642
0.8686868686868687,1.4251559212647575
0.8737373737373738,1.3830376248566052
0.8787878787878789,1.3106347673066667
0.8838383838383839,1.2635171886792833
0.888888888888889,1.2104798175161782
0.893939393939394,1.2020457498323431
0.8989898989898991,1.233127002611653
0.9040404040404041,1.268644247754665
0.9090909090909092,1.348777894470398
0.9141414141414143,1.4095661586775556
0.9191919191919192,1.4726825000555959
0.9242424242424243,1.575058613329993
0.9292929292929294,1.9280078782489454
0.9343434343434345,2.0977491888007016
0.9393939393939394,2.2641154593006076
0.9444444444444445,2.439677274390406
0.9494949494949496,2.8157295759289456
0.9545454545454546,2.912702177346321
0.9595959595959597,3.014102316675564
0.9646464646464648,3.0646369638503677
0.9696969696969697,3.105363353283155
0.9747474747474748,3.1238210941644846
0.9797979797979799,3.13764341678496
0.984848484848485,3.1287153058904225
0.98989898989899,3.1792851004895737
0.994949494949495,3.2254046655181114
1.0,3.2183089362298642
1.0050251256281406,3.180716851798978
1.0100502512562815,3.1860836475982546
1.015075376884422,3.18941184545756
1.020100502512563,3.1428285534362193
1.0251256281407035,3.1578528211708985
1.0301507537688441,3.035062522733593
1.035175879396985,2.999362193300769
1.0402010050251256,2.9540079112576865
1.0452261306532664,2.9813380269120775
1.050251256281407,2.7323403112696267
1.0552763819095476,2.5576070306090806
1.0603015075376885,2.4328252928843863
1.065326633165829,2.2462185692676924
1.07035175879397,2.064962455447072
1.0753768844221105,1.9774606847429355
1.0804020100502512,1.8827746188057135
1.085427135678392,1.7905892913451704
1.0904522613065326,1.646201638441962
1.0954773869346734,1.6267766171939526
1.100502512562814,1.6120300388023172
1.1055276381909547,1.601627454051035
1.1105527638190955,1.5827708995170464
1.1155778894472361,1.5728826058498453
1.120603015075377,1.5712224166568525
1.1256281407035176,1.5660503307930431
1.1306532663316582,1.776324597152784
1.135678391959799,1.856122341618138
1.1407035175879396,1.8359674903170262
1.1457286432160805,1.7340383139495505
1.150753768844221,1.4019673606846204
1.1557788944723617,1.2620451155105352
1.1608040201005025,1.1094022014084883
1.1658291457286432,1.0398405730370401
1.170854271356784,1.017087706570579
1.1758793969849246,1.0239809879582726
1.1809045226130652,1.0834433682486593
1.185929648241206,1.089223174313235
1.1909547738693467,1.0316579457925965
1.1959798994974875,1.0081805070650791
1.2010050251256281,0.9630133882833614
1.2060301507537687,0.9372697378097727
1.2110552763819096,0.9266272110908464
1.2160804020100502,0.8927322353662379
1.221105527638191,0.8767681985718916
1.2261306532663316,0.8892688235629315
1.2311557788944723,0.9048603508807312
1.236180904522613,0.913347931913682
1.2412060301507537,0.9216194337143722
1.2462311557788945,0.9255549109809746
1.2512562814070352,0.9225852984922316
1.2562814070351758,0.9336570019021975
1.2613065326633166,0.9473607018839234
1.2663316582914572,0.9519686999376608
1.271356783919598,0.9470954697753549
1.2763819095477387,0.9454493654141399
1.2814070351758793,0.9565515021649383
1.2864321608040201,0.9761348930378424
1.2914572864321607,1.0697517198962572
1.2964824120603016,1.1522089590907545
1.3015075376884422,1.2431123317279094
1.3065326633165828,1.345825149586305
1.3115577889447236,1.4557058793221247
1.3165829145728642,1.4616280073907315
1.321608040201005,1.4777536935988351
1.3266331658291457,1.4861373704355192
1.3316582914572863,1.5406385211028575
1.3366834170854272,1.5886054548442794
1.3417085427135678,1.6414122952716663
1.3467336683417086,1.7070655340513439
1.3517587939698492,1.8434367813117432
1.3567839195979898,1.9069254759921794
1.3618090452261307,1.9768368762166493
1.3668341708542713,2.033271168866809
1.3718592964824121,2.090210116971258
1.3768844221105527,2.1071723044542416
1.3819095477386933,2.111127552885898
1.3869346733668342,2.105699091609483
1.391959798994975,2.075171768457975
1.3969849246231156,2.068707392607519
1.4020100502512562,2.066867765379053
1.4070351758793969,2.0657918197790406
1.4120603015075377,2.0759842334357934
1.4170854271356785,2.073157052732378
1.4221105527638191,2.0522146939540704
1.4271356783919598,2.01712393138622
1.4321608040201004,1.8920179548527016
1.4371859296482412,1.8117678659682095
1.442211055276382,1.7193844598183967
1.4472361809045227,1.6168240877615596
1.4522613065326633,1.4063586295852848
1.457286432160804,1.305228826793984
1.4623115577889447,1.2200276273941504
1.4673366834170856,1.1424540334950024
1.4723618090452262,1.0396553509264501
1.4773869346733668,1.0135229212094812
1.4824120603015074,0.9792316680423484
1.4874371859296482,0.9631621150901856
1.492462311557789,0.9740339075910038
1.4974874371859297,1.0388729002515178
1.5025125628140703,1.135018645930982
1.507537688442211,1.239967147778924
1.5125628140703518,1.486988421125733
1.5175879396984926,1.5881160817893634
1.5226130653266332,1.6882353309657394
1.5276381909547738,1.7955422801541043
1.5326633165829144,2.0215388838201953
1.5376884422110553,2.14110519785904
1.542713567839196,2.2638283867877442
1.5477386934673367,2.3292101115324484
1.5527638190954773,2.562246314924075
1.557788944723618,2.657402870747866
1.5628140703517588,2.7071241155842856
1.5678391959798996,2.777316250931644
1.5728643216080402,2.8495411594460256
1.5778894472361809,2.865834437949443
1.5829145728643215,2.843482172762298
1.5879396984924623,2.8047714379232405
1.5929648241206031,2.765909681154828
1.5979899497487438,2.736095972902632
1.6030150753768844,2.6481808504379
1.608040201005025,2.595431033263069
1.6130653266331658,2.5585864503225215
1.6180904522613067,2.523044681454928
1.6231155778894473,2.5066467901401666
1.6281407035175879,2.5377704621629986
1.6331658291457285,2.525639530394035
1.6381909547738693,2.5170015236121728
1.6432160804020102,2.4754710358129826
1.6482412060301508,2.4146399639979452
1.6532663316582914,2.2306152742225627
1.658291457286432,2.1813317299562667
1.6633165829145728,2.1054245590060927
1.6683417085427137,1.9991441859630836
1.6733668341708543,1.837009392371743
1.678391959798995,1.74216221422375
1.6834170854271355,1.6812733618974638
1.6884422110552764,1.6473605484550127
1.6934673366834172,1.6242031822641525
1.6984924623115578,1.6296219412127464
1.7035175879396984,1.6463239867942154
1.708542713567839,1.6644229682439498
1.7135678391959799,1.7083981469215541
1.7185929648241207,1.7662010350028108
1.7236180904522613,1.8630717076961905
1.728643216080402,1.9021065049281547
1.7336683417085426,1.7881769996711734
1.7386934673366834,1.698151402744761
1.7437185929648242,1.5915178082465808
1.7487437185929648,1.4871195423334334
1.7537688442211055,1.3767401930683945
1.7587939698492463,1.335032177880743
1.763819095477387,1.2869218666733424
1.7688442211055277,1.2268291961169655
1.7738693467336684,1.1129215222984052
1.778894472361809,0.9976084568476753
1.7839195979899498,0.9445777913194868
1.7889447236180904,0.9577048626946613
1.7939698492462313,0.9614852114229319
1.7989949748743719,0.9690919861896496
1.8040201005025125,0.9518681869975485
1.8090452261306533,0.9008683208782514
1.814070351758794,0.8647708423698153
1.8190954773869348,0.8836628692442612
1.8241206030150754,0.9108133787434175
1.829145728643216,0.9530981107157857
1.8341708542713568,0.9776608811254545
1.8391959798994975,0.9587976512950999
1.8442211055276383,0.9592968121650358
1.849246231155779,0.9844398327795356
1.8542713567839195,1.0741700210925644
1.8592964824120604,1.124580555493914
1.864321608040201,1.179324335212752
1.8693467336683418,1.2329321896345313
1.8743718592964824,1.3165054947587571
1.879396984924623,1.3477124626662766
1.8844221105527639,1.4273919733577038
1.8894472361809045,1.5162117649833744
1.8944723618090453,1.6088214229338818
1.899497487437186,1.6449454446008231
1.9045226130653266,1.7054868506165621
1.9095477386934674,1.769726904014289
1.914572864321608,1.9196010978419449
1.9195979899497488,1.961915293353156
1.9246231155778895,1.9980139793519964
1.92964824120603,2.0660261269860554
1.934673366834171,2.1276155521132103
1.9396984924623115,2.192554165983819
1.9447236180904524,2.2457565971487203
1.949748743718593,2.2537818081564596
1.9547738693467336,2.2605151645627157
1.9597989949748744,2.2626574673931534
1.964824120603015,2.2568839258546283
1.9698492462311559,2.2561772460212426
1.9748743718592965,2.258858085790473
1.979899497487437,2.2651684819392575
1.984924623115578,2.25485804466024
1.9899497487437188,2.231828621785732
1.9949748743718594,2.1809668844711974
2.0,2.140661059908831
2.0050251256281406,2.078142165344325
2.0100502512562812,1.987867364366144
2.0150753768844223,1.827887834458942
2.020100502512563,1.734529247378089
2.0251256281407035,1.6349121211615627
2.030150753768844,1.5312186656807052
2.0351758793969847,1.3444574393118587
2.040201005025126,1.263176943355522
2.0452261306532664,1.1937404977418669
2.050251256281407,1.1486635642367176
2.0552763819095476,1.1361331466289504
2.0603015075376883,1.161641336312547
2.0653266331658293,1.187953644716409
2.07035175879397,1.2153693533267984
2.0753768844221105,1.3474680556547527
2.080402010050251,1.4444453426976738
2.0854271356783918,1.5369832608997407
2.090452261306533,1.6273492611243598
2.0954773869346734,1.803403319595758
2.100502512562814,1.9094933102236833
2.1055276381909547,2.0367136971332025
2.1105527638190953,2.166056477217988
2.1155778894472363,2.4515050321551453
2.120603015075377,2.569662340691671
2.1256281407035176,2.678419371582053
2.130653266331658,2.804426666839766
2.135678391959799,3.009048760929939
2.14070351758794,3.0763518132029373
2.1457286432160805,3.114092147427401
2.150753768844221,3.1323467788996484
2.1557788944723617,3.092589324437372
2.1608040201005023,3.0182634295458706
2.1658291457286434,2.9334816865784252
2.170854271356784,2.8397547211766367
2.1758793969849246,2.6748844651556447
2.180904522613065,2.626866050621158
2.185929648241206,2.6027416201202147
2.190954773869347,2.612558202344591
2.1959798994974875,2.6135793477765317
2.201005025125628,2.6580359727368252
2.2060301507537687,2.691391644332352
2.2110552763819094,2.6749158886994935
2.2160804020100504,2.584118012726586
2.221105527638191,2.480332963337584
2.2261306532663316,2.403955839866656
2.2311557788944723,2.3589043859720134
2.236180904522613,2.14086668831317
2.241206030150754,2.0538193100674658
2.2462311557788945,1.9566149286055239
2.251256281407035,1.8408657085135243
2.2562814070351758,1.8147585689402321
2.2613065326633164,1.819931092874123
2.2663316582914574,1.8336771294309149
2.271356783919598,1.8502523744462536
2.2763819095477387,1.8194041441551683
2.2814070351758793,1.7900542127807193
2.2864321608040203,1.7083797027391188
2.291457286432161,1.6688896627284862
2.2964824120603016,1.5718671179333195
2.301507537688442,1.5276505647460743
2.306532663316583,1.4838434892272163
2.3115577889447234,1.435157982491823
2.3165829145728645,1.3610471759090499
2.321608040201005,1.3625827092921734
2.3266331658291457,1.3724848041541298
2.3316582914572863,1.3537243247120145
2.3366834170854274,1.2889274337905916
2.341708542713568,1.2550087153247182
2.3467336683417086,1.2292167862147019
2.351758793969849,1.2046161015697074
2.35678391959799,1.165538875063805
2.3618090452261304,1.1841133910816988
2.3668341708542715,1.117571933570721
2.371859296482412,0.9908867632141425
2.3768844221105527,1.2144047694537436
2.3819095477386933,1.2213857512153972
2.3869346733668344,1.2133772051600442
2.391959798994975,1.207815014697615
2.3969849246231156,1.1526469831362072
2.4020100502512562,1.1818293867140892
2.407035175879397,1.2175541410298765
2.4120603015075375,1.2574712988223626
2.4170854271356785,1.3657834887016316
2.422110552763819,1.4323452515566906
2.4271356783919598,1.4995491019519835
2.4321608040201004,1.5663305337571634
2.4371859296482414,1.6867066990253519
2.442211055276382,1.726186643217355
2.4472361809045227,1.7554145601783073
2.4522613065326633,1.7677805392878947
2.457286432160804,1.7717079981413415
2.4623115577889445,1.7744853874816777
2.4673366834170856,1.7743146983043905
2.472361809045226,1.7704063604862021
2.477386934673367,1.7347182955079476
2.4824120603015074,1.7005772720103018
2.4874371859296485,1.6576167819737468
2.492462311557789,1.6079047399236683
2.4974874371859297,1.5386821029536932
2.5025125628140703,1.5107865454805323
2.507537688442211,1.4877162843133096
2.5125628140703515,1.4769396092166396
2.5175879396984926,1.529862324253395
2.522613065326633,1.5588616160548057
2.527638190954774,1.6021396048188186
2.5326633165829144,1.6510237973866397
2.5376884422110555,1.76093733764521
2.542713567839196,1.8011588718958138
2.5477386934673367,1.8282817511338345
2.5527638190954773,1.8489354702460548
2.557788944723618,1.868116717737144
2.5628140703517586,1.8571470837440422
2.5678391959798996,1.8386121236807942
2.5728643216080402,1.8249885750562933
2.577889447236181,1.7583539399000416
2.5829145728643215,1.6958086626503592
2.5879396984924625,1.629753834966189
2.592964824120603,1.5487794693980808
2.5979899497487438,1.3678964097942505
2.6030150753768844,1.2984675630734872
2.608040201005025,1.2433232675020602
2.6130653266331656,1.1910826438954603
2.6180904522613067,1.0799629808775855
2.6231155778894473,1.0224714696968322
2.628140703517588,0.9722132407969972
2.6331658291457285,0.9191314360503616
2.6381909547738696,0.8045368511267834
2.64321608040201,0.7502052276730681
2.648241206030151,0.6942578635276664
2.6532663316582914,0.6495826523437953
2.658291457286432,0.6057666084598919
2.6633165829145726,0.6423480815173344
2.6683417085427137,0.6987215477455953
2.6733668341708543,0.749839422989349
2.678391959798995,0.878075060333113
2.6834170854271355,0.9611416097911899
2.6884422110552766,1.059604600987557
2.693467336683417,1.156257708072902
2.698492462311558,1.36414824046399
2.7035175879396984,1.465890054292613
2.708542713567839,1.551742523314032
2.7135678391959797,1.651516603535974
2.7185929648241207,1.8932948212431153
2.7236180904522613,2.0278662152688964
2.728643216080402,2.148739728763351
2.7336683417085426,2.2563692348084348
2.7386934673366836,2.4588730637641705
2.7437185929648242,2.580129578850062
2.748743718592965,2.8407337447288157
2.7537688442211055,2.975393536581506
2.758793969849246,3.1855523175193654
2.7638190954773867,3.2549481962189506
2.7688442211055277,3.2923231045918016
2.7738693467336684,3.2889661286905953
2.778894472361809,3.1925419589140875
2.78391959798995,3.1230342085648055
2.7889447236180906,3.0439462372500934
2.7939698492462313,2.93980456575688
2.798994974874372,2.7050468580736267
2.8040201005025125,2.6221920456377714
2.809045226130653,2.5580650057871868
2.8140703517587937,2.425834056347837
2.819095477386935,2.2628329743659825
2.8241206030150754,2.213529737855582
2.829145728643216,2.173108637000461
2.834170854271357,2.1571224184869524
2.8391959798994977,2.145936109301952
2.8442211055276383,2.159074822598559
2.849246231155779,2.1111180334270747
2.8542713567839195,2.059158703631655
2.85929648241206,1.9897099331432708
2.8643216080402008,1.9145828398209883
2.869346733668342,1.8193203239984979
2.8743718592964824,1.748893909977961
2.879396984924623,1.6381457061073659
2.884422110552764,1.6994185183350214
2.8894472361809047,1.7661516938165305
2.8944723618090453,1.7160937200182278
2.899497487437186,1.4550356510144347
2.9045226130653266,1.2911786592121943
2.909547738693467,1.143748225275563
2.914572864321608,1.0598113782107645
2.919597989949749,0.9787249788709799
2.9246231155778895,1.0314189116775008
2.92964824120603,1.1515583579584667
2.934673366834171,1.2774722893840007
2.9396984924623117,1.0408358190444833
2.9447236180904524,0.8407281370573961
2.949748743718593,0.7428961384749554
2.9547738693467336,0.6850838682832928
2.959798994974874,0.8897194896516543
2.964824120603015,1.0525936800931308
2.969849246231156,1.2492805855779558
2.9748743718592965,1.432631243480331
2.979899497487437,1.7065467485682893
2.984924623115578,1.8132684953544522
2.9899497487437188,1.9311186963553018
2.9949748743718594,1.9942736083368802
3.0,2.1109396002268754
3.0050251256281406,2.1613646580466237
3.0100502512562812,2.1936424426827177
3.0150753768844223,2.217448663065055
3.020100502512563,2.283774085450222
3.0251256281407035,2.3217738100749608
3.030150753768844,2.3511670959789313
3.0351758793969847,2.372674039954498
3.040201005025126,2.3764852891766446
3.0452261306532664,2.3843591044257577
3.050251256281407,2.4013027705318626
3.0552763819095476,2.4183384968978188
3.0603015075376883,2.434615440088434
3.0653266331658293,2.470354020654125
3.07035175879397,2.4975805180686366
3.0753768844221105,2.514543029535188
3.080402010050251,2.5069965682908304
3.0854271356783918,2.488503811590812
3.090452261306533,2.4478820674862996
3.0954773869346734,2.4143937993800844
3.100502512562814,2.339103856464907
3.1055276381909547,2.280296872511998
3.1105527638190953,2.225726187097371
3.1155778894472363,2.1692448908737805
3.120603015075377,2.0385868069498536
3.1256281407035176,1.9935264815537315
3.130653266331658,1.9436254432904505
3.135678391959799,1.8902184895090832
3.14070351758794,1.8019239602208525
3.1457286432160805,1.7543521868319372
3.150753768844221,1.7246139220271879
3.1557788944723617,1.6908533038563696
3.1608040201005023,1.617705979471239
3.1658291457286434,1.5840381564081718
3.170854271356784,1.5442304299582366
3.1758793969849246,1.4406244895190419
3.180904522613065,1.3182736937559667
3.185929648241206,1.2836167227400865
3.190954773869347,1.1134852832444622
3.1959798994974875,1.0409253936723804
3.201005025125628,0.9708050353979423
3.2060301507537687,0.9319177358678179
3.2110552763819094,0.8820558657341382
3.2160804020100504,0.8131308619982396
3.221105527638191,0.6555540886090179
3.2261306532663316,0.6025329757897073
3.2311557788944723,0.5574374283280591
3.236180904522613,0.5298316394563466
3.241206030150754,0.5565448631736708
3.2462311557788945,0.5992754425479155
3.251256281407035,0.6439925433256196
3.2562814070351758,0.7271378412694529
3.2613065326633164,0.8294714506726557
3.2663316582914574,0.8769975201703822
3.271356783919598,0.9232425237200678
3.2763819095477387,0.9408890823699678
3.2814070351758793,1.0872044780150605
3.2864321608040203,1.1711453682229207
3.291457286432161,1.2387320995251556
3.2964824120603016,1.3006007458382451
3.301507537688442,1.659191774193086
3.306532663316583,1.8024934005465871
3.3115577889447234,1.9308966423413243
3.3165829145728645,2.084299589953661
3.321608040201005,2.39000976286437
3.3266331658291457,2.532677221685187
3.3316582914572863,2.6071538985339933
3.3366834170854274,2.637039453146843
3.341708542713568,2.537067015529152
3.3467336683417086,2.4690091201646056
3.351758793969849,2.4176220853381944
3.35678391959799,2.3803463081969816
3.3618090452261304,2.3521807489863527
3.3668341708542715,2.380382811266709
3.371859296482412,2.4347373092713718
3.3768844221105527,2.479524675679595
3.3819095477386933,2.4466611958450644
3.3869346733668344,2.399780270846896
3.391959798994975,2.3408546714642497
3.3969849246231156,2.2596674850661103
3.4020100502512562,2.1776715543430787
3.407035175879397,2.1466834393431187
3.4120603015075375,2.1111839339664367
3.4170854271356785,2.07512932436752
3.422110552763819,2.0379887880030156
3.4271356783919598,1.9977078936503705
3.4321608040201004,1.9144605202325276
3.4371859296482414,1.863384055342591
3.442211055276382,1.7939913421337907
3.4472361809045227,1.770619634854985
3.4522613065326633,1.766396273141732
3.457286432160804,1.765473411529327
3.4623115577889445,1.8277574407311272
3.4673366834170856,1.8722470764036458
3.472361809045226,1.905666886906261
3.477386934673367,1.9140541675012752
3.4824120603015074,1.8412828602306057
3.4874371859296485,1.839242467605889
3.492462311557789,1.8210196197962834
3.4974874371859297,1.7842144241245221
3.5025125628140703,1.6903046604786962
3.507537688442211,1.6019052149269009
3.5125628140703515,1.4885173332719375
3.5175879396984926,1.4933950018782707
3.522613065326633,1.1982239263067653
3.527638190954774,1.0685978836915222
3.5326633165829144,0.9836037942286517
3.5376884422110555,0.951203382879813
3.542713567839196,0.9786380934022546
3.5477386934673367,1.0281296086199445
3.5527638190954773,1.0458821369432598
3.557788944723618,0.9891097259091127
3.5628140703517586,0.7629123671005733
3.5678391959798996,0.6758792220315698
3.5728643216080402,0.5852017255288984
3.577889447236181,0.5051601829360663
3.5829145728643215,0.6515352355245263
3.5879396984924625,0.7553398315480258
3.592964824120603,0.7953136616518038
3.5979899497487438,0.7355088165521879
3.6030150753768844,0.5824255583772059
3.608040201005025,0.6041535582896124
3.6130653266331656,0.7149292366584262
3.6180904522613067,0.8760510955492266
3.6231155778894473,1.2543505134215875
3.628140703517588,1.2899910419491292
3.6331658291457285,1.311551155807123
3.6381909547738696,1.351797444132071
3.64321608040201,1.4840187575852941
3.648241206030151,1.5352200159081435
3.6532663316582914,1.5819179315147798
3.658291457286432,1.6311014719710113
3.6633165829145726,1.7600151844191572
3.6683417085427137,1.79766667786467
3.6733668341708543,1.836510269739323
3.678391959798995,1.8616519978827943
3.6834170854271355,1.8408563950208068
3.6884422110552766,1.856356749265076
3.693467336683417,1.8624165584234909
3.698492462311558,1.8754547196970661
3.7035175879396984,1.9126677388142979
3.708542713567839,1.9198075316950396
3.7135678391959797,1.9424653647439896
3.7185929648241207,1.9762611614472922
3.7236180904522613,2.0333125329060953
3.728643216080402,2.041861977351065
3.7336683417085426,2.0498105392794232
3.7386934673366836,2.0593815529036865
3.7437185929648242,2.0356267186824795
3.748743718592965,1.9941319621444316
3.7537688442211055,1.9427062648177156
3.758793969849246,1.8961261572569479
3.7638190954773867,1.7832226114094674
3.7688442211055277,1.7152004618422885
3.7738693467336684,1.666189891728731
3.778894472361809,1.6202563009721642
3.78391959798995,1.5156595201723242
3.7889447236180906,1.4604837299271771
3.7939698492462313,1.4078922847537023
3.798994974874372,1.3580765296720212
3.8040201005025125,1.2622488209437945
3.809045226130653,1.2125310336226451
3.8140703517587937,1.1646675670293218
3.819095477386935,1.1153454494146644
3.8241206030150754,1.000809768832219
3.829145728643216,0.9410521916227601
3.834170854271357,0.8804973027749715
3.8391959798994977,0.8297315362754389
3.8442211055276383,0.797050173558729
3.849246231155779,0.8058655223187055
3.8542713567839195,0.8076450904141002
3.85929648241206,0.824321096450285
3.8643216080402008,0.860706062781598
3.869346733668342,0.9031793424774506
3.8743718592964824,0.956361989772701
3.879396984924623,1.0238615393938773
3.884422110552764,1.2610117286028708
3.8894472361809047,1.3354571046986121
3.8944723618090453,1.4326685016443963
3.899497487437186,1.5663234567754516
3.9045226130653266,1.8605001877624199
3.909547738693467,2.001467701417887
3.914572864321608,2.1383996669483936
3.919597989949749,2.2630344843483936
3.9246231155778895,2.4667981215417685
3.92964824120603,2.574499224594368
3.934673366834171,2.720530175301498
3.9396984924623117,2.7851603112104697
3.9447236180904524,2.8784557784695948
3.949748743718593,2.8842696313432623
3.9547738693467336,2.8639658720084284
3.959798994974874,2.8520714247499135
3.964824120603015,2.818230030402948
3.969849246231156,2.80184874103796
3.9748743718592965,2.7554473540922535
3.979899497487437,2.690086043678157
3.984924623115578,2.6128219173642506
3.9899497487437188,2.5782502518791692
3.9949748743718594,2.52246671244419
4.0,2.4864273137763346
4.005025125628141,2.416360108919612
4.010050251256281,2.3851902168678287
4.015075376884422,2.323752366677009
4.0201005025125625,2.246400680075796
4.025125628140704,2.182830171564201
4.030150753768845,2.1173903887972574
4.035175879396985,2.0990072320816333
4.040201005025126,2.0723905569901637
4.045226130653266,1.966473910493348
4.050251256281407,1.9316444935305772
4.055276381909548,1.9416719322475668
4.060301507537688,1.985673399492978
4.065326633165829,1.9305007051231555
4.0703517587939695,1.8732279767529634
4.075376884422111,1.8483656185054407
4.080402010050252,1.8339470167343983
4.085427135678392,1.8013494865944253
4.090452261306533,1.763738777775496
4.0954773869346734,1.6931375891952787
4.100502512562814,1.559482750509925
4.105527638190955,1.3864293615662502
4.110552763819095,1.316677085364517
4.115577889447236,1.2221475860087438
4.1206030150753765,1.0957650182867675
4.125628140703517,0.9330185867307252
4.130653266331659,0.9192738292772181
4.135678391959799,0.9327885651904186
4.14070351758794,0.9618389384881442
4.1457286432160805,0.9760861026656409
4.150753768844221,0.9713865220935485
4.155778894472362,0.9406502082809529
4.160804020100502,0.9091947485071612
4.165829145728643,0.8849678442717566
4.1708542713567835,0.9062636142982902
4.175879396984925,0.9319988033366781
4.180904522613066,0.9389883309306883
4.185929648241206,0.8413720207173518
4.190954773869347,0.7961902504068986
4.1959798994974875,0.7842433257369809
4.201005025125628,0.8061567522889082
4.206030150753769,0.8900759577249574
4.211055276381909,0.9373290982381802
4.21608040201005,0.9971795485377746
4.221105527638191,1.0591650279616487
4.226130653266332,1.144121925066555
4.231155778894473,1.1844522169462979
4.236180904522613,1.2235393881988434
4.241206030150754,1.264395650989436
4.2462311557788945,1.3532759877844576
4.251256281407035,1.3916602563538991
4.256281407035176,1.4343938892403298
4.261306532663316,1.4836361713267172
4.266331658291457,1.5542296385856242
4.271356783919598,1.5725237677930337
4.276381909547739,1.581059943669752
4.28140703517588,1.5799440713310076
4.28643216080402,1.5751734378007394
4.291457286432161,1.5849754154131224
4.296482412060302,1.6056266880803896
4.301507537688442,1.6344711179314244
4.306532663316583,1.6905615545670025
4.311557788944723,1.721546156822407
4.316582914572864,1.7520904057679216
4.321608040201005,1.784077958440998
4.326633165829146,1.8056153282836853
4.331658291457287,1.791363173048391
4.336683417085427,1.7770315964484142
4.341708542713568,1.767928830951631
4.346733668341709,1.7866245649816863
4.351758793969849,1.7846637023117269
4.35678391959799,1.7761278189922032
4.36180904522613,1.7707544757577205
4.366834170854271,1.7382086120747993
4.371859296482412,1.7045513500419984
4.376884422110553,1.657163743051362
4.381909547738694,1.591015126717845
4.386934673366834,1.4406748552553417
4.391959798994975,1.3712217949912409
4.396984924623116,1.3002839613534423
4.402010050251256,1.2268588018305122
4.407035175879397,1.0646405111534127
4.4120603015075375,0.9964910779354725
4.417085427135678,0.9491804970025458
4.422110552763819,0.9207514313722244
4.42713567839196,0.8730948353271825
4.432160804020101,0.8445505337971199
4.437185929648241,0.8304757372139177
4.442211055276382,0.8686241642390569
4.447236180904523,1.0916094886803613
4.452261306532663,1.2592652579826062
4.457286432160804,1.4304103578239358
4.4623115577889445,1.600849376006375
4.467336683417085,1.9398419759993337
4.472361809045226,2.096351032139894
4.477386934673367,2.2189578243569663
4.482412060301508,2.296963343335501
4.4874371859296485,2.4103473438280636
4.492462311557789,2.4472428129029207
4.49748743718593,2.4604320724890982
4.50251256281407,2.479688361783593
4.507537688442211,2.502663380692457
4.5125628140703515,2.4982656397583103
4.517587939698492,2.4826364076751153
4.522613065326633,2.4676160595937526
4.527638190954773,2.4325695843486166
4.532663316582915,2.399542148619607
4.5376884422110555,2.3752559577094003
4.542713567839196,2.3639271555614823
4.547738693467337,2.3710369179485586
4.552763819095477,2.3681070386454244
4.557788944723618,2.341740000963813
4.562814070351759,2.2945304863559777
4.567839195979899,2.1794411040991677
4.572864321608041,2.116657919317857
4.577889447236181,2.082474251197839
4.582914572864322,2.056208078577166
4.5879396984924625,2.0030931853895364
4.592964824120603,1.9553390925982634
4.597989949748744,1.8631368150315748
4.603015075376884,1.7875029481360303
4.608040201005025,1.7590914326745497
4.613065326633166,1.748516087791016
4.618090452261306,1.7573468839355535
4.623115577889447,1.7522020414193107
4.628140703517588,1.69170559301168
4.633165829145729,1.6981222842687156
4.63819095477387,1.7707165313810114
4.64321608040201,1.8883416331156817
4.648241206030151,1.9932590396804928
4.653266331658291,1.9929593000307357
4.658291457286432,1.9690589104435143
4.663316582914573,1.9269149345793655
4.668341708542713,1.840307470666247
4.673366834170855,1.7995392989357024
4.678391959798995,1.7503807188051976
4.683417085427136,1.6971856914701466
4.688442211055277,1.546470646711731
4.693467336683417,1.468844771142615
4.698492462311558,1.3949039793770752
4.703517587939698,1.3202713639691652
4.708542713567839,1.1392884132237981
4.71356783919598,1.0538541142767344
4.71859296482412,0.9952474340609977
4.723618090452261,0.9658893354924258
4.728643216080402,0.9349015652559365
4.733668341708543,0.9481810650113194
4.738693467336684,0.9584145259442807
4.743718592964824,0.9584190334550958
4.748743718592965,0.9761051134847106
4.7537688442211055,0.9698696637785924
4.758793969849246,0.9771811966268078
4.763819095477387,0.9739164364451398
4.768844221105527,0.9648491036022162
4.773869346733669,0.9742483584327972
4.778894472361809,0.9942445139914023
4.78391959798995,1.024159838311872
4.788944723618091,1.0808856362016288
4.793969849246231,1.086221303924297
4.798994974874372,1.0922729645523594
4.8040201005025125,1.1052634813138449
4.809045226130653,1.0865910864304014
4.814070351758794,1.076833774287378
4.819095477386934,1.0617641529007278
4.824120603015075,1.0530613378075373
4.8291457286432165,1.0710572750180076
4.834170854271357,1.091218071720772
4.839195979899498,1.11471622098945
4.844221105527638,1.139718708335526
4.849246231155779,1.1712204751535895
4.8542713567839195,1.1849534187574633
4.85929648241206,1.204935614382777
4.864321608040201,1.2487228676599944
4.869346733668341,1.4274992850408017
4.874371859296483,1.4861395406909137
4.8793969849246235,1.500949889771474
4.884422110552764,1.498828497436915
4.889447236180905,1.5116925753836328
4.894472361809045,1.5686006434379658
4.899497487437186,1.6364227431311873
4.9045226130653266,1.7034666118538984
4.909547738693467,1.8572083356007747
4.914572864321608,1.9316617827471765
4.919597989949748,1.9788655553632237
4.924623115577889,2.010843088337327
4.9296482412060305,2.056172307041898
4.934673366834171,2.071879278597332
4.939698492462312,2.0875253606284643
4.944723618090452,2.098425819446806
4.949748743718593,2.0823869365691863
4.954773869346734,2.060929538082028
4.959798994974874,2.0230973110285624
4.964824120603015,1.9712666659242224
4.969849246231155,1.8432180361926802
4.974874371859297,1.770268991786559
4.9798994974874375,1.6946067619108571
4.984924623115578,1.533431565438445
4.989949748743719,1.3548171143966259
4.994974874371859,1.2575324058464659
5.0,1.1789392135564072
5.005025125628141,1.1095426518840994
5.010050251256281,0.9988884613454098
5.015075376884422,0.9750273222069216
5.0201005025125625,0.9858126067250307
5.025125628140704,1.0316834919266664
5.030150753768845,1.2366640527394657
5.035175879396985,1.412793625566735
5.040201005025126,1.602566923804432
5.045226130653266,1.7531508114323764
5.050251256281407,2.02923836802284
5.055276381909548,2.18058417601706
5.060301507537688,2.331316248586622
5.065326633165829,2.4632509698782217
5.0703517587939695,2.675103024995673
5.075376884422111,2.7269303841535817
5.080402010050252,2.7604844229799594
5.085427135678392,2.796839579332358
5.090452261306533,2.8226640388344126
5.0954773869346734,2.811893033767821
5.100502512562814,2.7915341209157734
5.105527638190955,2.777723361952554
5.110552763819095,2.828260395099963
5.115577889447236,2.8529965720447334
5.1206030150753765,2.8517573832480916
5.125628140703517,2.8637506719498123
5.130653266331659,2.8830829227547374
5.135678391959799,2.9114458007034925
5.14070351758794,2.8770272094556213
5.1457286432160805,2.797887152837655
5.150753768844221,2.603800290898286
5.155778894472362,2.4892835414845775
5.160804020100502,2.4147616270824743
5.165829145728643,2.3971826271446237
5.1708542713567835,2.2735599152540495
5.175879396984925,2.264638273968494
5.180904522613066,2.184643091414705
5.185929648241206,2.144831164864498
5.190954773869347,1.951985245155813
5.1959798994974875,1.8231177577268562
5.201005025125628,1.7562492860266163
5.206030150753769,1.722040103334124
5.211055276381909,1.6531446437986
5.21608040201005,1.6361875310672673
5.221105527638191,1.602540483964758
5.226130653266332,1.573499908902444
5.231155778894473,1.5634700225015508
5.236180904522613,1.605602107593597
5.241206030150754,1.5881024434758608
5.2462311557788945,1.5112415296007453
5.251256281407035,1.3424776724687082
5.256281407035176,1.2958539452118052
5.261306532663316,1.2670314267313973
5.266331658291457,1.2487601419540102
5.271356783919598,1.2095180721845373
5.276381909547739,1.1691762101052177
5.28140703517588,1.095336461792905
5.28643216080402,1.0151030477079654
5.291457286432161,0.9337654604647785
5.296482412060302,0.935895144993284
5.301507537688442,0.9524297874861957
5.306532663316583,0.9836041003427141
5.311557788944723,1.0779495312536669
5.316582914572864,1.1195676137804271
5.321608040201005,1.1600975023721067
5.326633165829146,1.1942972893048867
5.331658291457287,1.2474156113136472
5.336683417085427,1.2540426679487424
5.341708542713568,1.244289386902018
5.346733668341709,1.2228649778209368
5.351758793969849,1.1920536041088925
5.35678391959799,1.093660641412134
5.36180904522613,1.0076702637524837
5.366834170854271,0.9265337103149567
5.371859296482412,0.8115100058945669
5.376884422110553,0.8196582212629847
5.381909547738694,0.8178522301626376
5.386934673366834,0.8903052172743907
5.391959798994975,0.9642308133496876
5.396984924623116,0.9857706653689792
5.402010050251256,1.0216999345605342
5.407035175879397,1.0691842031502337
5.4120603015075375,1.1619358389089303
5.417085427135678,1.1883139513289407
5.422110552763819,1.1844936509335962
5.42713567839196,1.1462619497806772
5.432160804020101,0.9215974756009263
5.437185929648241,0.8746946418225048
5.442211055276382,0.8659179202678507
5.447236180904523,0.8833797248007224
5.452261306532663,0.9550566900933158
5.457286432160804,0.978358866766689
5.4623115577889445,0.9859102485449677
5.467336683417085,0.9793781875833257
5.472361809045226,0.9741713020244437
5.477386934673367,0.9676075726848152
5.482412060301508,0.9800776924234119
5.4874371859296485,1.0151398706493604
5.492462311557789,1.08194796869258
5.49748743718593,1.140699205053199
5.50251256281407,1.1906082915207672
5.507537688442211,1.2241243663835795
5.5125628140703515,1.2926340814391364
5.517587939698492,1.319642379613886
5.522613065326633,1.3126316413548775
5.527638190954773,1.2823507450257126
5.532663316582915,1.1788417479670459
5.5376884422110555,1.1481799486443753
5.542713567839196,1.0994044667514318
5.547738693467337,0.9953784782980793
5.552763819095477,0.8932307763193116
5.557788944723618,0.8613252513383084
5.562814070351759,0.8374342350740146
5.567839195979899,0.8037732527454493
5.572864321608041,0.7130073815536554
5.577889447236181,0.6814993191786768
5.582914572864322,0.6737939790707542
5.5879396984924625,0.6726316420493463
5.592964824120603,0.6824885590857915
5.597989949748744,0.6573878957099835
5.603015075376884,0.5883831136547003
5.608040201005025,0.5315425764000472
5.613065326633166,0.49078537672795425
5.618090452261306,0.5183521276709492
5.623115577889447,0.5217502061437063
5.628140703517588,0.5325763772511882
5.633165829145729,0.6310792184987555
5.63819095477387,0.69532517760038
5.64321608040201,0.7570211267705809
5.648241206030151,0.8191464245145674
5.653266331658291,0.9199694478845479
5.658291457286432,0.9669101390315441
5.663316582914573,1.0210548908506338
5.668341708542713,1.0719798001049272
5.673366834170855,1.1586080995712054
5.678391959798995,1.1725341443599842
5.683417085427136,1.1775874244110287
5.688442211055277,1.1855736754322779
5.693467336683417,1.20958500274805
5.698492462311558,1.2465639201232321
5.703517587939698,1.291102476509514
5.708542713567839,1.3410199929091289
5.71356783919598,1.4542805693610157
5.71859296482412,1.4940668861342856
5.723618090452261,1.5254027708818416
5.728643216080402,1.5674801005429064
5.733668341708543,1.6226480919068682
5.738693467336684,1.634704222933005
5.743718592964824,1.6438411388601393
5.748743718592965,1.647185732887764
5.7537688442211055,1.6241420624397362
5.758793969849246,1.6210368957639427
5.763819095477387,1.6181604895816113
5.768844221105527,1.6356399194413176
5.773869346733669,1.6913293765706903
5.778894472361809,1.686312492086802
5.78391959798995,1.669959754407872
5.788944723618091,1.6480044345747373
5.793969849246231,1.5941731865732156
5.798994974874372,1.573868770244203
5.8040201005025125,1.5602693802334262
5.809045226130653,1.545146111962555
5.814070351758794,1.5172867274757267
5.819095477386934,1.4858349058307252
5.824120603015075,1.4407094013231814
5.8291457286432165,1.386296644708123
5.834170854271357,1.3181813515347574
5.839195979899498,1.317743906358895
5.844221105527638,1.3135984398620455
5.849246231155779,1.2965828519072742
5.8542713567839195,1.2359871914198786
5.85929648241206,1.2046542309849746
5.864321608040201,1.1846454503137214
5.869346733668341,1.1676050011095362
5.874371859296483,1.1653307038596383
5.8793969849246235,1.1785880618375533
5.884422110552764,1.18918236092115
5.889447236180905,1.1955376644041793
5.894472361809045,1.1603362015006686
5.899497487437186,1.1346995956274066
5.9045226130653266,1.1013094438399227
5.909547738693467,1.070321659254357
5.914572864321608,1.0205588424471173
5.919597989949748,0.9987236888634413
5.924623115577889,0.977225063574405
5.9296482412060305,0.9512291728059017
5.934673366834171,0.9049381025081218
5.939698492462312,0.8841705688530919
5.944723618090452,0.8698604951766691
5.949748743718593,0.8640411589785524
5.954773869346734,0.8845360974753942
5.959798994974874,0.8892064846322254
5.964824120603015,0.8323741010567304
5.969849246231155,0.8091753904580884
5.974874371859297,0.8442959306558334
5.9798994974874375,0.8379670562927878
5.984924623115578,0.8618719551000602
5.989949748743719,0.9254560205752621
5.994974874371859,0.630849802766871
6.0,0.8094610154602876
6.005025125628141,1.0326090094716391
6.010050251256281,1.1083210995541861
6.015075376884422,1.1403380159145795
6.0201005025125625,1.0207775517614013
6.025125628140704,0.8998470078424442
6.030150753768845,0.8365531920864326
6.035175879396985,0.8343353600735138
6.040201005025126,0.8173565181908076
6.045226130653266,0.8434502127624368
6.050251256281407,0.8917692678972515
6.055276381909548,1.0150965261456666
6.060301507537688,1.060851939974189
6.065326633165829,1.0551158898485986
6.0703517587939695,1.0264076948542427
6.075376884422111,0.9664457611030223
6.080402010050252,0.9665050130449402
6.085427135678392,1.0010156687989453
6.090452261306533,1.056539216280683
6.0954773869346734,1.1557993879363322
6.100502512562814,1.237290180392619
6.105527638190955,1.3027983401159982
6.110552763819095,1.281810426971945
6.115577889447236,1.246578768383691
6.1206030150753765,1.2786953980420825
6.125628140703517,1.3238585399343088
6.130653266331659,1.3966564018275933
6.135678391959799,1.553807369255919
6.14070351758794,1.6162766649559104
6.1457286432160805,1.6738125974233196
6.150753768844221,1.724587784133936
6.155778894472362,1.8002005713267064
6.160804020100502,1.830235035396547
6.165829145728643,1.8551860242080846
6.1708542713567835,1.8695659132520577
6.175879396984925,1.859919239060933
6.180904522613066,1.8596142270809823
6.185929648241206,1.8648866585629273
6.190954773869347,1.8801500746094713
6.1959798994974875,1.9015890304390168
6.201005025125628,1.9103984911138303
6.206030150753769,1.9151225354261279
6.211055276381909,1.915000094661094
6.21608040201005,1.884272076877169
6.221105527638191,1.8542502757688888
6.226130653266332,1.8100674370522774
6.231155778894473,1.7348150720892412
6.236180904522613,1.5359781753778274
6.241206030150754,1.431110949501121
6.2462311557788945,1.3305161376120171
6.251256281407035,1.218299092015175
6.256281407035176,1.0426475501275587
6.261306532663316,0.9691656287209117
6.266331658291457,0.9032888097352917
6.271356783919598,0.8459462685708827
6.276381909547739,0.7902262294596402
6.28140703517588,0.7887006564755731
6.28643216080402,0.7987524119788308
6.291457286432161,0.8004279603174792
6.296482412060302,0.9040419395675181
6.301507537688442,0.9456608731564398
6.306532663316583,1.2059195861159233
6.311557788944723,1.298043849525508
6.316582914572864,1.6186912019125206
6.321608040201005,1.8753787177564964
6.326633165829146,2.196884113382406
6.331658291457287,2.4811773202167555
6.336683417085427,2.8926172968059567
6.341708542713568,2.7472630062469445
6.346733668341709,2.798718316121685
6.351758793969849,2.878456072689663
6.35678391959799,3.028529697301481
6.36180904522613,2.8883551813260433
6.366834170854271,2.6477422007387728
6.371859296482412,2.476676950892869
6.376884422110553,2.546404787435415
6.381909547738694,2.704030810067444
6.386934673366834,2.7920522309084763
6.391959798994975,2.772553046911997
6.396984924623116,2.46011379115032
6.402010050251256,2.3507826468793325
6.407035175879397,2.3067749626985723
6.4120603015075375,2.2379923386618192
6.417085427135678,2.0547474321645955
6.422110552763819,2.02523144227271
6.42713567839196,1.9444294278484369
6.432160804020101,1.8892552464571855
6.437185929648241,1.8826229711086602
6.442211055276382,1.8881760547358923
6.447236180904523,1.846567006722204
6.452261306532663,1.7586738107190316
6.457286432160804,1.542097993719595
6.4623115577889445,1.490353934573261
6.467336683417085,1.4222986477853374
6.472361809045226,1.318793021507545
6.477386934673367,1.4379037936784924
6.482412060301508,1.538050486554326
6.4874371859296485,1.5726984857737352
6.492462311557789,1.592224339706249
6.49748743718593,1.6123245448215444
6.50251256281407,1.574217487731603
6.507537688442211,1.531016995571571
6.5125628140703515,1.5066693317317505
6.517587939698492,1.5655065939279849
6.522613065326633,1.5598300531330327
6.527638190954773,1.526686765135861
6.532663316582915,1.4793459883749307
6.5376884422110555,1.3178745193393793
6.542713567839196,1.276812993422686
6.547738693467337,1.2514834182157588
6.552763819095477,1.221914109220857
6.557788944723618,1.1335880064516386
6.562814070351759,1.0999501525037396
6.567839195979899,1.0953279806697171
6.572864321608041,1.0816479884370884
6.577889447236181,1.0481351629885336
6.582914572864322,1.0533317925639576
6.5879396984924625,1.1213540749580393
6.592964824120603,1.122634054104453
6.597989949748744,0.9469535220136203
6.603015075376884,0.8638978126080653
6.608040201005025,0.7305349207286397
6.613065326633166,0.8732049210225513
6.618090452261306,1.3564245024692676
6.623115577889447,1.7198269291472323
6.628140703517588,1.0650491330699257
6.633165829145729,1.055328454586533
6.63819095477387,1.130312820023289
6.64321608040201,1.1098198713800362
6.648241206030151,1.056014142137784
6.653266331658291,1.0126996951120306
6.658291457286432,0.9731698818366709
6.663316582914573,0.9714856988494478
6.668341708542713,0.9768570894711263
6.673366834170855,0.9985045263818287
6.678391959798995,0.9991499164714973
6.683417085427136,0.9824460506440036
6.688442211055277,0.9551636539248131
6.693467336683417,0.9203647098721246
6.698492462311558,0.9706564245833847
6.703517587939698,0.9754770611311164
6.708542713567839,0.873325452779203
6.71356783919598,0.6939599109329011
6.71859296482412,0.5682107600978706
6.723618090452261,0.6426434993143555
6.728643216080402,0.7796160423875332
6.733668341708543,0.8799389203740223
6.738693467336684,0.9179264241833329
6.743718592964824,0.8948102241866708
6.748743718592965,0.8808156966749627
6.7537688442211055,0.875219443279227
6.758793969849246,0.8502063851924425
6.763819095477387,0.8624326839898869
6.768844221105527,1.004650239938756
6.773869346733669,1.0533255009188756
6.778894472361809,1.1969029921827417
6.78391959798995,1.2809828128831393
6.788944723618091,1.3750892742920366
6.793969849246231,1.4996698463408538
6.798994974874372,1.8156302584802335
6.8040201005025125,1.8757904510605656
6.809045226130653,1.9021783076389027
6.814070351758794,1.9230576250401339
6.819095477386934,1.973806433633501
6.824120603015075,2.0154857922089153
6.8291457286432165,2.0618368671061247
6.834170854271357,2.1042007238982694
6.839195979899498,2.1629071897892427
6.844221105527638,2.1811238244604545
6.849246231155779,2.190268776250531
6.8542713567839195,2.188163764165973
6.85929648241206,2.170996055981217
6.864321608040201,2.161347363519571
6.869346733668341,2.1378924299122253
6.874371859296483,2.092109407749509
6.8793969849246235,1.9374821455102496
6.884422110552764,1.8734774892423982
6.889447236180905,1.8126342528778385
6.894472361809045,1.7269841287403311
6.899497487437186,1.514137283851765
6.9045226130653266,1.4039704719918438
6.909547738693467,1.2961707653708288
6.914572864321608,1.1912271837034276
6.919597989949748,0.972727456087264
6.924623115577889,0.8794572130752013
6.9296482412060305,0.788096902094533
6.934673366834171,0.6785628670668622
6.939698492462312,0.5568650757984379
6.944723618090452,0.8129892896280984
6.949748743718593,0.9957901493587893
6.954773869346734,0.9382991828286966
6.959798994974874,0.9620583273892493
6.964824120603015,1.0636202937185808
6.969849246231155,1.1929216930570088
6.974874371859297,1.3669965574415321
6.9798994974874375,1.6393150781042674
6.984924623115578,1.7581973328181908
6.989949748743719,1.8765436064397758
6.994974874371859,1.9608053462172117
7.0,2.1617661303799722
7.005025125628141,2.2966166049266907
7.010050251256281,2.428760965752908
7.015075376884422,2.5782093399561252
7.0201005025125625,2.7681717762700346
7.025125628140704,2.8464304755036616
7.030150753768845,2.9163850419922266
7.035175879396985,2.9883162120583893
7.040201005025126,3.0583449055008494
7.045226130653266,3.054154415780086
7.050251256281407,3.021416061539026
7.055276381909548,2.971332709272726
7.060301507537688,2.8625607451767725
7.065326633165829,2.8016818299915855
7.0703517587939695,2.7537324315819065
7.075376884422111,2.7329384840645425
7.080402010050252,2.6432603062606224
7.085427135678392,2.5613649183484184
7.090452261306533,2.468804461775983
7.0954773869346734,2.375149565587397
7.100502512562814,2.0600933606635405
7.105527638190955,1.6686622780158364
7.110552763819095,1.766180978505034
7.115577889447236,2.081722950597173
7.1206030150753765,2.2564870754876925
7.125628140703517,2.3827172474202643
7.130653266331659,2.350511156592327
7.135678391959799,2.135865716844109
7.14070351758794,1.8951725726445072
7.1457286432160805,1.9411209794688222
7.150753768844221,2.0372022717042606
7.155778894472362,2.0760474173491317
7.160804020100502,1.782022314773022
7.165829145728643,1.5960891064000782
7.1708542713567835,1.5142080767179917
7.175879396984925,1.5502331457980763
7.180904522613066,1.759946591784535
7.185929648241206,1.8323316052008707
7.190954773869347,1.8494075888308128
7.1959798994974875,1.798014058099658
7.201005025125628,1.565897670204538
7.206030150753769,1.4746898634123042
7.211055276381909,1.431905629862876
7.21608040201005,1.4330613426472714
7.221105527638191,1.3640287692985071
7.226130653266332,1.2043704241407622
7.231155778894473,0.9825441133821932
7.236180904522613,0.7897805354153773
7.241206030150754,0.6627208436800521
7.2462311557788945,0.661835985958757
7.251256281407035,0.6575502935509953
7.256281407035176,0.6446753281962945
7.261306532663316,0.8797395619375088
7.266331658291457,0.716409550498875
7.271356783919598,0.587115131068856
7.276381909547739,0.5661363660188241
7.28140703517588,0.5548997512785531
7.28643216080402,0.6337682986620583
7.291457286432161,0.7523282081611722
7.296482412060302,0.7467239782637223
7.301507537688442,0.9265944339709795
7.306532663316583,0.819389714865277
7.311557788944723,0.8249135706569506
7.316582914572864,0.8996559867649412
7.321608040201005,0.9969109530108494
7.326633165829146,1.0590837558366193
7.331658291457287,1.0475172409201674
7.336683417085427,1.0365207236833232
7.341708542713568,1.1564592548970327
7.346733668341709,1.1670753388419275
7.351758793969849,1.1207154384302913
7.35678391959799,1.0197522330811537
7.36180904522613,0.9603351360535549
7.366834170854271,1.1184287143747695
7.371859296482412,1.3380618637032444
7.376884422110553,1.52839058980648
7.381909547738694,1.586938219559602
7.386934673366834,1.4712973988667282
7.391959798994975,1.3561071020811741
7.396984924623116,1.298843332759575
7.402010050251256,1.342060695501884
7.407035175879397,1.393512314845836
7.4120603015075375,1.434174285273934
7.417085427135678,1.4557025925806413
7.422110552763819,1.4281346293473176
7.42713567839196,1.4258017098162705
7.432160804020101,1.459844205678469
7.437185929648241,1.4710805076031699
7.442211055276382,1.4544755740217847
7.447236180904523,1.4528864954173124
7.452261306532663,1.436116664421453
7.457286432160804,1.4542312257787617
7.4623115577889445,1.232865928456943
7.467336683417085,1.120108108231076
7.472361809045226,1.0474402400991667
7.477386934673367,0.9981273467509043
7.482412060301508,0.7998940984142838
7.4874371859296485,0.7101767935443962
7.492462311557789,0.6643974510434247
7.49748743718593,0.5860157933656737
7.50251256281407,0.5290484233196429
7.507537688442211,0.5392438452073421
7.5125628140703515,0.5766327605174718
7.517587939698492,0.6080577507819467
7.522613065326633,0.6465447152718827
7.527638190954773,0.6284630174393717
7.532663316582915,0.6069464105751018
7.5376884422110555,0.5867726693337038
7.542713567839196,0.5819797543179659
7.547738693467337,0.5753389100182604
7.552763819095477,0.5807159389322805
7.557788944723618,0.5937487697705149
7.562814070351759,0.6432510803636478
7.567839195979899,0.6639418151984404
7.572864321608041,0.6982390831090738
7.577889447236181,0.7196261228561676
7.582914572864322,0.7137544626249281
7.5879396984924625,0.7373659458267652
7.592964824120603,0.767615553111061
7.597989949748744,0.8171361958260079
7.603015075376884,0.9460746807028503
7.608040201005025,0.9585820330936732
7.613065326633166,0.8904845633580629
7.618090452261306,0.8967710673940145
7.623115577889447,1.2294803722979883
7.628140703517588,1.272089705945693
7.633165829145729,1.3179117567879877
7.63819095477387,1.3500896792154216
7.64321608040201,1.40012287795536
7.648241206030151,1.4617423116767196
7.653266331658291,1.5343922057172996
7.658291457286432,1.5984601500159459
7.663316582914573,1.6393911565376946
7.668341708542713,1.6446207995708313
7.673366834170855,1.6721851102090939
7.678391959798995,1.7189279703355809
7.683417085427136,1.8166851932095995
7.688442211055277,1.8580702628592924
7.693467336683417,1.8801977005972004
7.698492462311558,1.8895649872669107
7.703517587939698,1.932605489557297
7.708542713567839,1.9468674760843379
7.71356783919598,1.9190095738919595
7.71859296482412,1.8694239589533992
7.723618090452261,1.8822222869111394
7.728643216080402,1.8452146326641787
7.733668341708543,1.812568299507911
7.738693467336684,1.7890905842877267
7.743718592964824,1.7365684209042844
7.748743718592965,1.6805358976067724
7.7537688442211055,1.6324320970218027
7.758793969849246,1.5821265432982914
7.763819095477387,1.474747691270951
7.768844221105527,1.3992509172228547
7.773869346733669,1.317284252474765
7.778894472361809,1.2375831253301735
7.78391959798995,1.1318356707636492
7.788944723618091,1.1547980041829828
7.793969849246231,1.1948308765185138
7.798994974874372,1.2073074782544007
7.8040201005025125,1.0940246903996271
7.809045226130653,0.9730217625130488
7.814070351758794,0.8554154701026864
7.819095477386934,0.7748411233123857
7.824120603015075,0.6714735730570489
7.8291457286432165,0.6464606655095111
7.834170854271357,0.6492684496608472
7.839195979899498,0.6693417851598688
7.844221105527638,0.6937276138752155
7.849246231155779,0.6553865417499813
7.8542713567839195,0.6934323454274396
7.85929648241206,0.7409852182425773
7.864321608040201,0.7873977050265005
7.869346733668341,0.739562128371241
7.874371859296483,0.7081357126808391
7.8793969849246235,0.7193520045221254
7.884422110552764,0.8567311813731305
7.889447236180905,0.975325950678541
7.894472361809045,1.1110195876909643
7.899497487437186,1.2242515077160412
7.9045226130653266,1.3262733450148954
7.909547738693467,1.333661938667742
7.914572864321608,1.358793831405265
7.919597989949748,1.398373026875161
7.924623115577889,1.5595553486442857
7.9296482412060305,1.6641557837735625
7.934673366834171,1.7621232395757682
7.939698492462312,1.8389348171857534
7.944723618090452,1.9138902780525324
7.949748743718593,1.9450565441027674
7.954773869346734,1.973196608840082
7.959798994974874,1.9963805968634838
7.964824120603015,2.045380912924045
7.969849246231155,2.0353248931180494
7.974874371859297,2.0195226176049625
7.9798994974874375,2.0038537290373766
7.984924623115578,2.0058786376942153
7.989949748743719,2.012137925196978
7.994974874371859,2.047953420460778
8.0,2.080192958123116
8.00502512562814,2.1615276359126203
8.010050251256281,2.1983124332892263
8.015075376884422,2.229901687932004
8.020100502512562,2.2390874441606785
8.025125628140703,2.1835549903872353
8.030150753768844,2.157753629455643
8.035175879396984,2.1259751221615932
8.040201005025125,2.0985606094695
8.045226130653266,2.0552941306898145
8.050251256281408,2.0222108121929327
8.055276381909549,1.9853304631443602
8.06030150753769,1.9280925012550616
8.06532663316583,1.7271209154622036
8.07035175879397,1.6502648362217502
8.075376884422111,1.5783212189693832
8.080402010050252,1.5233776669184829
8.085427135678392,1.4280382119978443
8.090452261306533,1.3476945472580204
8.095477386934673,1.241928166499979
8.100502512562814,1.1138245147872263
8.105527638190955,0.9257716995209997
8.110552763819095,0.9026110576350148
8.115577889447236,0.9384884793480419
8.120603015075377,0.9912323672469538
8.125628140703517,0.976099372018034
8.130653266331658,0.9448753339245342
8.135678391959798,0.9005892212490665
8.140703517587939,0.8625518194578226
8.14572864321608,0.8058315516495989
8.150753768844222,0.7699787760977571
8.155778894472363,0.7123037264053868
8.160804020100503,0.6784589831677373
8.165829145728644,0.6080654417626445
8.170854271356784,0.6289504830374169
8.175879396984925,0.6577353426158579
8.180904522613066,0.7061274948456546
8.185929648241206,0.7315150578887628
8.190954773869347,0.7311986612528774
8.195979899497488,0.768144482253827
8.201005025125628,0.8409932042704031
8.206030150753769,1.0605651630173414
8.21105527638191,1.1872427480187024
8.21608040201005,1.3111338037324796
8.22110552763819,1.4388558302404728
8.226130653266331,1.7619217114335701
8.231155778894472,2.1146408843465596
8.236180904522612,2.705315736515241
8.241206030150753,3.5218910175003995
8.246231155778894,4.434576348471295
8.251256281407034,4.369461648694951
8.256281407035177,4.12660992895694
8.261306532663317,3.7717104296247346
8.266331658291458,3.2766948329427934
8.271356783919598,3.0057757492685644
8.27638190954774,2.886140209455182
8.28140703517588,3.1577203046337083
8.28643216080402,4.139629316846739
8.291457286432161,4.027236602023899
8.296482412060302,3.504798200051324
8.301507537688442,2.7337444525919024
8.306532663316583,2.1002213954719156
8.311557788944723,2.6571981508365163
8.316582914572864,3.2865971559241935
8.321608040201005,3.892500293754389
8.326633165829145,4.008691029877085
8.331658291457286,4.026286867451077
8.336683417085426,4.069337175364312
8.341708542713567,4.105694739627509
8.346733668341708,4.188201869817165
8.35175879396985,4.244039805649329
8.35678391959799,4.321988264320254
8.361809045226131,4.370812868170977
8.366834170854272,4.459297679570629
8.371859296482413,4.513980093888873
8.376884422110553,4.5345913979263885
8.381909547738694,4.533161481774943
8.386934673366834,4.52192239011872
8.391959798994975,4.523964585236383
8.396984924623116,4.450408584150674
8.402010050251256,4.251414886074753
8.407035175879397,3.770686186321264
8.412060301507537,3.3627200995459017
8.417085427135678,2.9991073502584067
8.422110552763819,2.7549189479318623
8.42713567839196,2.4175818254931927
8.4321608040201,2.3701421116618726
8.43718592964824,2.2961425566436415
8.442211055276381,2.243527430073009
8.447236180904522,2.122047371595177
8.452261306532664,2.0344283753081602
8.457286432160805,1.9507401664852753
8.462311557788945,1.869615473573109
8.467336683417086,1.6888637915954026
8.472361809045227,1.618506028493561
8.477386934673367,1.58686936405805
8.482412060301508,1.5745976050019892
8.487437185929648,1.6176600465916813
8.492462311557789,1.6698773104419977
8.49748743718593,1.7290944365814727
8.50251256281407,1.7888019926380896
8.507537688442211,1.94033680041533
8.512562814070352,1.9868279522107595
8.517587939698492,1.9930601403635566
8.522613065326633,2.014148680848065
8.527638190954773,1.9984684541110476
8.532663316582914,1.9643532046358159
8.537688442211055,1.9710032249240486
8.542713567839195,1.9485915181674174
8.547738693467338,1.8498768609185856
8.552763819095478,1.807609088786068
8.557788944723619,1.7611142018761872
8.56281407035176,1.6858240648525575
8.5678391959799,1.6420812158227742
8.57286432160804,1.6640584704444734
8.577889447236181,1.6479579257499264
8.582914572864322,1.661723393662435
8.587939698492463,1.6161671187918656
8.592964824120603,1.553173647658883
8.597989949748744,1.5150271849765602
8.603015075376884,1.4638206943266652
8.608040201005025,1.4016267766684538
8.613065326633166,1.3761110268077936
8.618090452261306,1.3697691150292446
8.623115577889447,1.3479056519274633
8.628140703517587,1.2906325475831608
8.633165829145728,1.31048190483463
8.638190954773869,1.330583820968074
8.64321608040201,1.3313697405833587
8.64824120603015,1.3398639814257267
8.653266331658292,1.329618755852218
8.658291457286433,1.3128125807048772
8.663316582914574,1.3057762214307627
8.668341708542714,1.3275814791364031
8.673366834170855,1.3363950096094344
8.678391959798995,1.3579019013249816
8.683417085427136,1.3947519920853313
8.688442211055277,1.4447657834330796
8.693467336683417,1.4533050953688285
8.698492462311558,1.4488016922777942
8.703517587939698,1.4384056822433648
8.708542713567839,1.4118637170697461
8.71356783919598,1.4086998525995522
8.71859296482412,1.4122608052558847
8.72361809045226,1.397741072855055
8.728643216080402,1.3583713734284892
8.733668341708542,1.3286739337678
8.738693467336683,1.2862027423738451
8.743718592964823,1.2358608901943615
8.748743718592966,1.1346565970468774
8.753768844221106,1.082398755373453
8.758793969849247,1.0207340426193299
8.763819095477388,0.9497616476258661
8.768844221105528,0.8096652409446758
8.773869346733669,0.7380537128048337
8.77889447236181,0.677163995479677
8.78391959798995,0.6238208792482022
8.78894472361809,0.5331665560057195
8.793969849246231,0.5099945501208812
8.798994974874372,0.4952577459646644
8.804020100502512,0.4902177349974193
8.809045226130653,0.4616695905959152
8.814070351758794,0.4533056065327231
8.819095477386934,0.45154238267631086
8.824120603015075,0.4624260054862832
8.829145728643216,0.5097076372402124
8.834170854271356,0.5340634406079487
8.839195979899497,0.5561410580823898
8.844221105527637,0.5819484972495418
8.849246231155778,0.6315022805350745
8.85427135678392,0.6570195202229535
8.859296482412061,0.6702663433121195
8.864321608040202,0.6888578129084404
8.869346733668342,0.7429447381723623
8.874371859296483,0.7782218725280086
8.879396984924623,0.8067802761353303
8.884422110552764,0.8240254027880451
8.889447236180905,0.9155592836791072
8.894472361809045,0.9467001611619172
8.899497487437186,0.9638331333202859
8.904522613065327,0.9937867663407477
8.909547738693467,1.045122923347297
8.914572864321608,1.0725486273446998
8.919597989949748,1.0791194002954445
8.924623115577889,1.0872325391957325
8.92964824120603,1.104580969709781
8.93467336683417,1.1048767421509063
8.93969849246231,1.0866256764672921
8.944723618090451,1.0538924596153063
8.949748743718594,1.0244358958324333
8.954773869346734,0.9956353462975287
8.959798994974875,0.9855551513238617
8.964824120603016,0.9717692055843301
8.969849246231156,0.9382727833466129
8.974874371859297,0.9251765393599213
8.979899497487438,0.9002257766188435
8.984924623115578,0.8804428469384029
8.989949748743719,0.8369577077039198
8.99497487437186,0.8314746385506896
9.0,0.7845920284357979
9.006211180124224,0.7145456165606224
9.012422360248447,0.7497084410442503
9.01863354037267,0.6955612770726962
9.024844720496894,0.6869050297166268
9.031055900621118,0.7217233390087922
9.037267080745341,0.6338765193048249
9.043478260869565,0.6664629442857269
9.049689440993788,0.665400584111556
9.055900621118013,0.674742371910198
9.062111801242237,0.6903863568683842
9.06832298136646,0.7249508100464472
9.074534161490684,0.6916087086329957
9.080745341614907,0.734783243690954
9.08695652173913,0.8121147832394137
9.093167701863354,0.8126462883702847
9.099378881987578,0.9210767467790075
9.105590062111801,0.9712487783786398
9.111801242236025,1.0654764432914507
9.118012422360248,1.1389632596655608
9.124223602484472,1.166935564884797
9.130434782608695,1.2340394103212426
9.136645962732919,1.3352934002476757
9.142857142857142,1.3746413974699
9.149068322981366,1.4506106902032676
9.15527950310559,1.4895077326408883
9.161490683229813,1.4930165459501779
9.167701863354036,1.506902643763027
9.173913043478262,1.492004740417067
9.180124223602485,1.4696033967553968
9.186335403726709,1.455874735127305
9.192546583850932,1.4570063158483562
9.198757763975156,1.4627689168744322
9.20496894409938,1.4746509893442583
9.211180124223603,1.4520022045055578
9.217391304347826,1.4644550805108363
9.22360248447205,1.5347764559195585
9.229813664596273,1.6212818499903094
9.236024844720497,1.6052079117712448
9.24223602484472,1.531151940303117
9.248447204968944,1.461214196889012
9.254658385093167,1.3750600274446203
9.26086956521739,1.203587970982595
9.267080745341614,1.167029693243921
9.273291925465838,1.156831261229571
9.279503105590063,1.0935591077765299
9.285714285714286,1.0480945776837127
9.29192546583851,1.054306469122712
9.298136645962733,1.1750000021829787
9.304347826086957,1.4492186449442332
9.31055900621118,2.703198364584072
9.316770186335404,3.690775216354147
9.322981366459627,4.849260133821034
9.329192546583851,5.112763298282153
9.335403726708075,5.6661797670389
9.341614906832298,5.658275894878315
9.347826086956522,5.533417629935861
9.354037267080745,5.140506272123982
9.360248447204969,5.190265107419851
9.366459627329192,5.270915121757321
9.372670807453416,5.035362658216884
9.378881987577639,4.768539816028487
9.385093167701863,4.578705851396986
9.391304347826086,4.429984553386615
9.397515527950311,3.8902750620634783
9.403726708074535,3.5263093937557435
9.409937888198758,2.972039044390063
9.416149068322982,3.037274391620553
9.422360248447205,3.2191727526189085
9.428571428571429,3.421082441352883
9.434782608695652,2.928528470860579
9.440993788819876,2.6114231396420613
9.4472049689441,2.4608909697040624
9.453416149068323,2.770717900258162
9.459627329192546,3.272892574370262
9.46583850931677,3.057950142256901
9.472049689440993,2.984534817548959
9.478260869565217,3.1766799695085752
9.48447204968944,3.5703793219719664
9.490683229813664,3.8376257797467694
9.496894409937887,2.7993039989442017
9.503105590062113,4.7653442151568655
9.509316770186336,5.1064536888832155
9.51552795031056,5.463133595462041
9.521739130434783,5.754267353107692
9.527950310559007,5.885291686980434
9.53416149068323,6.088845544844195
9.540372670807454,6.484474187324983
9.546583850931677,5.689441744835867
9.5527950310559,5.765738323091848
9.559006211180124,5.757764899424515
9.565217391304348,5.722319771562928
9.571428571428571,5.983861303748609
9.577639751552795,5.491230398154862
9.583850931677018,4.876362817120974
9.590062111801242,4.19134153469614
9.596273291925465,4.048266923730203
9.602484472049689,4.0029932790413225
9.608695652173912,4.03703402448877
9.614906832298136,4.252132425902326
9.621118012422361,4.404836603755695
9.627329192546584,4.580847642950483
9.633540372670808,4.746387477100663
9.639751552795031,4.65488264296287
9.645962732919255,4.553873667016906
9.652173913043478,4.256988326528157
9.658385093167702,4.201470511717178
9.664596273291925,4.165260763806511
9.670807453416149,4.164586616072716
9.677018633540373,4.0460550006870895
9.683229813664596,3.978414827260224
9.68944099378882,4.018091689149341
9.695652173913043,4.102042066966159
9.701863354037267,4.133223517347447
9.70807453416149,4.148226946798957
9.714285714285714,4.161907498365743
9.720496894409937,4.178044663410026
9.726708074534162,4.210052268327438
9.732919254658386,4.2317842755642685
9.73913043478261,4.242015227202397
9.745341614906833,4.169957804067806
9.751552795031056,3.9642990938636307
9.75776397515528,3.8601743146740146
9.763975155279503,3.758998990116119
9.770186335403727,3.6640002356922685
9.77639751552795,3.355872264575933
9.782608695652174,3.1833223032143634
9.788819875776397,3.0642425562468127
9.79503105590062,3.13909836830546
9.801242236024844,2.775352300729585
9.807453416149068,2.7699621172265156
9.813664596273291,3.010089813360558
9.819875776397515,3.4008973438364762
9.826086956521738,4.019051151930515
9.832298136645962,4.0735800694805295
9.838509316770185,4.179470098878205
9.84472049689441,4.370345509708014
9.850931677018634,5.386349367691349
9.857142857142858,5.761136091863219
9.863354037267081,5.843713369713131
9.869565217391305,5.95330662746553
9.875776397515528,6.208826387781833
9.881987577639752,5.907043701142221
9.888198757763975,5.833290835856978
9.894409937888199,5.8082190044336315
9.900621118012422,5.46662514103583
9.906832298136646,5.475358960337487
9.91304347826087,5.47849893429076
9.919254658385093,5.461061471700351
9.925465838509316,5.002964640154276
9.93167701863354,4.569553463699161
9.937888198757763,4.282743138390161
9.944099378881987,4.11278185619381
9.950310559006212,4.002247650162843
9.956521739130435,3.7582702813483224
9.962732919254659,3.531473571727389
9.968944099378882,3.3334386585094076
9.975155279503106,2.7396033976926297
9.98136645962733,2.508250541211144
9.987577639751553,2.421117160699581
9.993788819875776,2.434392681658816
