1514764801,1,-76.909790,-28.602905,143.333130
1514764801,3,0.659180,0.143555,0.008179
1514764801,1,-76.871338,-28.987427,143.344116
1514764801,3,0.663574,0.138062,0.005127
1514764801,1,-76.838379,-29.388428,143.355103
1514764801,3,0.672852,0.131958,0.004761
1514764801,1,-76.827393,-30.256348,143.388062
1514764801,3,0.689087,0.120972,-0.002686
1514764801,1,-76.838379,-30.712280,143.415527
1514764801,3,0.702148,0.114380,-0.007446
1514764801,1,-76.854858,-31.195679,143.442993
1514764801,3,0.713501,0.110840,-0.008789
1514764801,1,-76.887817,-31.695557,143.470459
1514764801,3,0.723389,0.105225,-0.010742
1514764801,1,-76.970215,-32.750244,143.541870
1514764801,3,0.745239,0.092163,-0.012573
1514764801,1,-77.025146,-33.310547,143.580322
1514764801,3,0.752686,0.084717,-0.013794
1514764801,1,-77.085571,-33.887329,143.613281
1514764801,3,0.762207,0.078979,-0.014160
1514764801,1,-77.145996,-34.480591,143.646240
1514764801,3,0.768066,0.070312,-0.012695
1514764801,1,-77.277832,-35.722046,143.723145
1514764801,3,0.783691,0.053589,-0.015503
1514764801,1,-77.343750,-36.199951,143.756104
1514764801,3,0.794312,0.044800,-0.019043
1514764801,1,-77.415161,-36.699829,143.800049
1514764801,3,0.800903,0.032471,-0.018555
1514764801,1,-77.486572,-37.216187,143.838501
1514764801,3,0.818726,0.026123,-0.015625
1514764801,1,-77.623901,-38.320312,143.926392
1514764801,3,0.851685,0.008667,-0.010864
1514764801,1,-77.684326,-38.902588,143.970337
1514764801,3,0.868164,-0.005127,-0.008423
1514764801,1,-77.739258,-39.506836,144.014282
1514764801,3,0.884399,-0.015869,-0.002930
1514764801,1,-77.794189,-40.133057,144.058228
1514764801,3,0.903687,-0.031494,0.001099
1514764801,1,-77.876587,-41.451416,144.151611
1514764801,3,0.946045,-0.057007,0.011108
1514764801,1,-77.909546,-42.143555,144.195557
1514764801,3,0.968262,-0.071655,0.015381
1514764801,1,-77.931519,-42.857666,144.239502
1514764801,3,0.993652,-0.084595,0.018921
1514764801,1,-77.942505,-43.593750,144.277954
1514764801,3,1.013184,-0.100342,0.025269
1514764801,1,-77.937012,-45.126343,144.354858
1514764801,3,1.057617,-0.126343,0.035889
1514764801,1,-77.920532,-45.922852,144.393311
1514764801,3,1.081543,-0.139526,0.038086
1514764801,1,-77.893066,-46.741333,144.426270
1514764801,3,1.106934,-0.146484,0.042114
1514764801,1,-77.854614,-47.581787,144.459229
1514764801,1,-77.766724,-49.323120,144.530640
1514764801,1,-77.711792,-50.223999,144.563599
1514764801,1,-77.656860,-51.141357,144.591064
1514764801,1,-77.596436,-52.075195,144.613037
1514764801,3,1.233643,-0.198242,0.044800
1514764801,1,-77.464600,-53.997803,144.645996
1514764801,1,-77.393188,-54.981079,144.651489
1514764801,1,-77.327271,-55.980835,144.656982
1514764801,1,-77.266846,-57.002563,144.656982
1514764801,1,-77.178955,-59.078979,144.662476
1514764801,1,-77.162476,-60.139160,144.673462
1514764801,1,-77.151489,-61.215820,144.684448
1514764801,3,1.444580,-0.251831,0.107910
1514764801,1,-77.151489,-62.297974,144.689941
1514764801,1,-77.156982,-64.495239,144.684448
1514764801,1,-77.151489,-65.599365,144.667969
1514764801,1,-77.140503,-66.714478,144.635010
1514764801,1,-77.129517,-67.835083,144.596558
1514764801,1,-77.074585,-70.070801,144.475708
1514764801,1,-77.019653,-71.191406,144.382324
1514764801,1,-76.453857,-75.651855,143.706665
1514764801,3,1.670410,-0.423340,0.199463
1514764801,1,-76.267090,-76.772461,143.497925
1514764801,1,-76.085815,-77.887573,143.311157
1514764801,1,-75.822144,-78.980713,143.069458
1514764801,1,-75.080566,-81.101074,142.432251
1514764801,1,-74.459839,-82.133789,141.899414
1514764801,3,1.787720,-0.537354,0.186157
1514764801,1,-73.547974,-83.166504,141.108398
1514764801,1,-72.328491,-84.188232,140.031738
1514764801,1,-68.027344,-86.226196,136.082153
1514764801,1,-63.500977,-87.214966,131.764526
1514764801,1,-54.030762,-88.154297,122.536011
1514764801,1,-28.927002,-88.956299,97.695923
1514764801,3,1.714355,-0.567749,0.217041
1514764801,1,71.174927,-88.467407,-1.834717
1514764801,1,83.320312,-87.572021,-13.666992
1514764801,1,88.835449,-86.643677,-18.858032
1514764801,1,91.950073,-85.709839,-21.626587
1514764801,1,95.405273,-83.864136,-24.384155
1514764801,1,96.575317,-82.957764,-25.197144
1514764801,3,1.647827,-0.507690,0.236938
1514764801,1,97.547607,-82.067871,-25.828857
1514764801,1,98.349609,-81.177979,-26.295776
1514764801,1,99.294434,-79.453125,-26.581421
1514764801,1,99.596558,-78.623657,-26.570435
1514764801,1,99.909668,-77.810669,-26.581421
1514764801,1,100.228271,-77.014160,-26.614380
1514764801,3,1.506348,-0.437744,0.226440
1514764801,1,100.859985,-75.492554,-26.718750
1514764801,1,101.123657,-74.761963,-26.740723
1514764801,1,101.348877,-74.058838,-26.751709
1514764801,1,101.535645,-73.372192,-26.740723
1514764801,1,101.821289,-72.070312,-26.707764
1514764801,1,101.942139,-71.455078,-26.713257
1514764801,1,102.079468,-70.867310,-26.762695
1514764801,3,1.305054,-0.431885,0.291382
1514764801,1,102.194824,-70.301514,-26.823120
1514764801,1,102.354126,-69.241333,-26.932983
1514764801,1,102.376099,-68.752441,-26.965942
1514764801,1,102.354126,-68.291016,-26.971436
1514764801,1,102.315674,-67.851562,-26.987915
1514764801,1,102.106934,-67.049561,-26.921997
1514764801,1,101.947632,-66.687012,-26.850586
1514764801,3,1.190796,-0.447754,0.303711
1514764801,1,101.760864,-66.346436,-26.757202
1514764801,1,101.414795,-66.275024,-26.526489
1514764801,1,100.667725,-66.176147,-26.043091
1514764801,1,100.261230,-66.159668,-25.779419
1514764801,1,99.849243,-66.154175,-25.526733
1514764801,1,99.409790,-66.170654,-25.257568
1514764801,3,1.037231,-0.466431,0.281616
1514764801,1,98.492432,-66.286011,-24.730225
1514764801,1,98.107910,-66.335449,-24.570923
1514764801,1,97.706909,-66.395874,-24.400635
1514764801,1,97.239990,-66.478271,-24.175415
1514764801,1,96.102905,-66.730957,-23.527222
1514764801,1,95.449219,-66.884766,-23.126221
1514764801,3,0.956299,-0.425537,0.277832
1514764801,1,94.757080,-67.049561,-22.697754
1514764801,1,94.037476,-67.219849,-22.241821
1514764801,1,92.521362,-67.565918,-21.318970
1514764801,1,91.724854,-67.741699,-20.835571
1514764801,1,90.895386,-67.933960,-20.324707
1514764801,1,90.016479,-68.142700,-19.780884
1514764801,3,0.893066,-0.414062,0.300781
1514764801,1,88.115845,-68.609619,-18.511963
1514764801,1,87.127075,-68.873291,-17.808838
1514764801,1,86.165771,-69.147949,-17.116699
1514764801,1,85.259399,-69.444580,-16.452026
1514764801,1,83.545532,-70.065308,-15.133667
1514764801,1,82.754517,-70.394897,-14.496460
1514764801,3,0.852295,-0.578857,0.244751
1514764801,1,82.012939,-70.729980,-13.886719
1514764801,1,81.287842,-71.076050,-13.260498
1514764801,1,79.804688,-71.795654,-11.859741
1514764801,1,79.046631,-72.169189,-11.101685
1514764801,1,78.310547,-72.548218,-10.332642
1514764801,1,77.607422,-72.927246,-9.580078
1514764801,3,0.892822,-0.552124,0.220459
1514764801,1,76.201172,-73.696289,-8.020020
1514764801,1,75.459595,-74.086304,-7.168579
1514764801,1,74.668579,-74.476318,-6.262207
1514764801,1,73.866577,-74.866333,-5.317383
1514764801,1,72.152710,-75.651855,-3.301392
1514764801,3,0.947021,-0.471802,0.191772
1514764801,1,71.207886,-76.052856,-2.186279
1514764801,1,70.197144,-76.459351,-0.999756
1514764801,1,69.120483,-76.865845,0.263672
1514764801,1,66.741943,-77.673340,3.037720
1514764801,1,65.412598,-78.074341,4.575806
1514764801,3,1.007568,-0.411255,0.156738
1514764801,1,63.956909,-78.475342,6.245728
1514764801,1,62.385864,-78.870850,8.036499
1514764801,1,58.958130,-79.667358,11.925659
1514764801,1,57.035522,-80.062866,14.078979
1514764801,1,54.920654,-80.447388,16.441040
1514764801,3,1.075439,-0.362061,0.127930
1514764801,1,52.553101,-80.831909,19.050293
1514764801,1,48.076172,-81.370239,24.032593
1514764801,1,45.538330,-81.622925,26.817627
1514764801,1,42.824707,-81.864624,29.778442
1514764801,1,39.880371,-82.084351,32.964478
1514764801,3,1.168457,-0.309692,0.115601
1514764801,1,33.277588,-82.468872,40.045166
1514764801,1,29.619141,-82.628174,43.934326
1514764801,1,25.757446,-82.754517,48.021240
1514764801,1,21.681519,-82.853394,52.322388
1514764801,1,13.068237,-82.935791,61.380615
1514764801,3,1.286743,-0.281372,0.086426
1514764801,1,8.596802,-82.919312,66.066284
1514764801,1,4.097900,-82.847900,70.795898
1514764801,1,-0.346069,-82.738037,75.476074
1514764801,1,-8.860474,-82.391968,84.451904
1514764801,1,-12.837524,-82.150269,88.665161
1514764801,3,1.378052,-0.266846,0.080200
1514764801,1,-16.561890,-81.848145,92.631226
1514764801,1,-20.022583,-81.496582,96.350098
1514764801,1,-26.207886,-80.722046,103.051758
1514764801,1,-28.943481,-80.299072,106.062012
1514764801,1,-31.437378,-79.837646,108.830566
1514764801,1,-33.700562,-79.354248,111.390381
1514764801,1,-37.584229,-78.327026,115.883789
1514764801,3,1.473145,-0.226929,0.092773
1514764801,1,-39.259644,-77.788696,117.877808
1514764801,1,-40.792236,-77.228394,119.734497
1514764801,1,-42.165527,-76.651611,121.431885
1514764801,1,-44.483643,-75.432129,124.420166
1514764801,1,-45.455933,-74.805908,125.738525
1514764801,1,-46.329346,-74.168701,126.958008
1514764801,1,-47.131348,-73.531494,128.100586
1514764801,3,1.512451,-0.160767,0.165649
1514764801,1,-48.493652,-72.224121,130.166016
1514764801,1,-49.075928,-71.548462,131.094360
1514764801,1,-49.603271,-70.872803,131.973267
1514764801,1,-50.086670,-70.186157,132.791748
1514764801,1,-50.927124,-68.796387,134.291382
1514764801,1,-51.317139,-68.098755,135.000000
1514764801,3,1.546265,-0.129883,0.260376
1514764801,1,-51.679688,-67.395630,135.675659
1514764801,1,-52.009277,-66.692505,136.307373
1514764801,1,-52.613525,-65.269775,137.466431
1514764801,1,-52.888184,-64.555664,137.993774
1514764801,1,-53.151855,-63.836060,138.499146
1514764801,1,-53.404541,-63.116455,138.971558
1514764801,1,-53.931885,-61.666260,139.861450
1514764801,3,1.553101,-0.049927,0.235718
1514764801,1,-54.195557,-60.941162,140.278931
1514764801,1,-54.448242,-60.205078,140.674438
1514764801,1,-54.706421,-59.463501,141.058960
1514764801,1,-55.200806,-57.980347,141.784058
1514764801,1,-55.447998,-57.238770,142.124634
1514764801,1,-55.678711,-56.486206,142.443237
1514764801,1,-55.898438,-55.728149,142.734375
1514764801,3,1.504639,-0.062622,0.243774
1514764801,1,-56.321411,-54.201050,143.272705
1514764801,1,-56.530151,-53.426514,143.508911
1514764801,1,-56.738892,-52.646484,143.723145
1514764802,1,-56.953125,-51.866455,143.931885
1514764802,1,-57.381592,-50.300903,144.294434
1514764802,1,-57.595825,-49.515381,144.442749
1514764802,1,-57.815552,-48.724365,144.569092
1514764802,3,1.388672,-0.019897,0.156372
1514764802,1,-58.046265,-47.933350,144.689941
1514764802,1,-58.557129,-46.362305,144.909668
1514764802,1,-58.831787,-45.576782,145.008545
1514764802,1,-59.122925,-44.791260,145.096436
1514764802,1,-59.419556,-44.016724,145.178833
1514764802,1,-60.051270,-42.467651,145.332642
1514764802,1,-60.380859,-41.704102,145.404053
1514764802,3,1.177368,-0.028931,0.156494
1514764802,1,-60.710449,-40.940552,145.464478
1514764802,1,-61.051025,-40.182495,145.524902
1514764802,1,-61.754150,-38.682861,145.629272
1514764802,1,-62.116699,-37.946777,145.678711
1514764802,1,-62.490234,-37.216187,145.733643
1514764802,1,-62.874756,-36.496582,145.788574
1514764802,3,1.042969,-0.125488,0.117188
1514764802,1,-63.627319,-35.079346,145.898438
1514764802,1,-63.989868,-34.376221,145.947876
1514764802,1,-64.341431,-33.689575,145.986328
1514764802,1,-64.682007,-33.013916,146.013794
1514764802,1,-65.324707,-31.684570,146.052246
1514764802,1,-65.621338,-31.036377,146.052246
1514764802,1,-65.901489,-30.399170,146.052246
1514764802,3,0.914917,-0.177368,0.116089
1514764802,1,-66.170654,-29.772949,146.057739
1514764802,1,-66.676025,-28.564453,146.074219
1514764802,1,-66.906738,-27.976685,146.090698
1514764802,1,-67.131958,-27.410889,146.112671
1514764802,1,-67.351685,-26.856079,146.145630
1514764802,1,-67.752686,-25.801392,146.206055
1514764802,1,-67.939453,-25.290527,146.233521
1514764802,3,0.776611,-0.161255,0.148560
1514764802,1,-68.115234,-24.796143,146.255493
1514764802,1,-68.280029,-24.318237,146.277466
1514764802,1,-68.576660,-23.400879,146.288452
1514764802,1,-68.713989,-22.961426,146.288452
1514764802,1,-68.840332,-22.538452,146.277466
1514764802,1,-68.966675,-22.131958,146.271973
1514764802,1,-69.197388,-21.511230,146.244507
1514764802,3,0.657104,-0.094360,0.097046
1514764802,1,-69.301758,-21.291504,146.233521
1514764802,1,-69.406128,-21.093750,146.228027
1514764802,1,-69.515991,-20.906982,146.222534
1514764802,1,-69.735718,-20.571899,146.222534
1514764802,1,-69.851074,-20.423584,146.222534
1514764802,1,-69.960938,-20.297241,146.217041
1514764802,1,-70.065308,-20.181885,146.211548
1514764802,3,0.566772,-0.076904,0.080322
1514764802,1,-70.279541,-19.995117,146.200562
1514764802,1,-70.389404,-19.929199,146.189575
1514764802,1,-70.488281,-19.879761,146.184082
1514764802,1,-70.592651,-19.841309,146.178589
1514764802,1,-70.779419,-19.819336,146.178589
1514764802,1,-70.867310,-19.830322,146.178589
1514764802,3,0.513184,-0.086548,0.088257
1514764802,1,-70.955200,-19.863281,146.184082
1514764802,1,-71.032104,-19.912720,146.189575
1514764802,1,-71.185913,-20.066528,146.200562
1514764802,1,-71.257324,-20.170898,146.206055
1514764802,1,-71.323242,-20.297241,146.206055
1514764802,1,-71.389160,-20.445557,146.206055
1514764802,1,-71.504517,-20.797119,146.206055
1514764802,3,0.490479,-0.087158,0.109497
1514764802,1,-71.559448,-21.005859,146.206055
1514764802,1,-71.608887,-21.242065,146.206055
1514764802,1,-71.658325,-21.494751,146.206055
1514764802,1,-71.757202,-22.088013,146.200562
1514764802,1,-71.806641,-22.417603,146.200562
1514764802,1,-71.861572,-22.769165,146.200562
1514764802,1,-71.916504,-23.148193,146.200562
1514764802,3,0.519409,-0.067627,0.085815
1514764802,1,-72.042847,-23.977661,146.200562
1514764802,1,-72.108765,-24.433594,146.195068
1514764802,1,-72.180176,-24.906006,146.195068
1514764802,1,-72.251587,-25.411377,146.189575
1514764802,1,-72.405396,-26.499023,146.173096
1514764802,1,-72.487793,-27.081299,146.173096
1514764802,1,-72.581177,-27.559204,146.167603
1514764802,3,0.640381,-0.124146,0.055420
1514764802,1,-72.680054,-28.059082,146.167603
1514764802,1,-72.888794,-29.135742,146.156616
1514764802,1,-73.004150,-29.707031,146.156616
1514764802,1,-73.125000,-30.305786,146.151123
1514764802,1,-73.251343,-30.926514,146.145630
1514764802,1,-73.520508,-32.244873,146.129150
1514764802,3,0.778809,-0.164062,0.049438
1514764802,1,-73.663330,-32.937012,146.118164
1514764802,1,-73.817139,-33.656616,146.112671
1514764802,1,-73.970947,-34.392700,146.107178
1514764802,1,-74.300537,-35.941772,146.096191
1514764802,1,-74.470825,-36.743774,146.090698
1514764802,1,-74.652100,-37.573242,146.096191
1514764802,1,-74.833374,-38.424683,146.096191
1514764802,3,0.949097,-0.239868,0.093750
1514764802,1,-75.212402,-40.182495,146.107178
1514764802,1,-75.404663,-41.094360,146.118164
1514764802,1,-75.602417,-42.017212,146.129150
1514764802,1,-75.800171,-42.962036,146.145630
1514764802,1,-76.162720,-44.928589,146.151123
1514764802,1,-76.327515,-45.928345,146.151123
1514764802,1,-76.486816,-46.939087,146.145630
1514764802,3,1.229492,-0.351929,0.128540
1514764802,1,-76.629639,-47.966309,146.140137
1514764802,1,-76.854858,-50.037231,146.101685
1514764802,1,-76.931763,-51.080933,146.074219
1514764802,1,-76.981201,-52.135620,146.035767
1514764802,1,-77.008667,-53.195801,145.975342
1514764802,1,-76.970215,-55.338135,145.827026
1514764802,1,-76.909790,-56.414795,145.744629
1514764802,3,1.412598,-0.396851,0.099854
1514764802,1,-76.821899,-57.485962,145.645752
1514764802,1,-76.706543,-58.562622,145.546875
1514764802,1,-76.360474,-60.699463,145.288696
1514764802,1,-76.157227,-61.781616,145.145874
1514764802,1,-75.937500,-62.863770,145.014038
1514764802,1,-75.651855,-63.934937,144.838257
1514764802,1,-74.915771,-66.038818,144.376831
1514764802,3,1.560303,-0.484375,0.122559
1514764802,1,-74.476318,-67.082520,144.107666
1514764802,1,-73.998413,-68.131714,143.805542
1514764802,1,-73.471069,-69.180908,143.475952
1514764802,1,-72.262573,-71.268311,142.701416
1514764802,1,-71.559448,-72.306519,142.234497
1514764802,1,-70.779419,-73.333740,141.712646
1514764802,3,1.594727,-0.481567,0.168457
1514764802,1,-69.922485,-74.355469,141.130371
1514764802,1,-67.911987,-76.376953,139.724121
1514764802,1,-66.736450,-77.371216,138.872681
1514764802,1,-65.418091,-78.359985,137.894897
1514764802,1,-63.940430,-79.332275,136.768799
1514764802,1,-60.238037,-81.227417,133.786011
1514764802,1,-57.859497,-82.144775,131.775513
1514764802,3,1.616455,-0.458374,0.247803
1514764802,1,-54.986572,-83.040161,129.276123
1514764802,1,-51.465454,-83.908081,126.123047
1514764802,1,-41.132812,-85.528564,116.504517
1514764802,1,-33.129272,-86.237183,108.847046
1514764802,1,-22.098999,-86.846924,98.151855
1514764802,1,-7.130127,-87.291870,83.496094
1514764802,1,30.734253,-87.434692,46.213989
1514764802,3,1.527832,-0.369629,0.253662
1514764802,1,47.010498,-87.121582,30.201416
1514764802,1,59.144897,-86.643677,18.303223
1514764802,1,67.879028,-86.066895,9.794312
1514764802,1,78.673096,-84.797974,-0.615234
1514764802,1,82.139282,-84.144287,-3.911133
1514764802,3,1.445190,-0.349609,0.221069
1514764802,1,84.814453,-83.496094,-6.437988
1514764802,1,86.945801,-82.847900,-8.432007
1514764802,1,90.153809,-81.595459,-11.409302
1514764802,1,91.400757,-80.991211,-12.562866
1514764802,1,92.455444,-80.397949,-13.535156
1514764802,3,1.347412,-0.359131,0.240112
1514764802,1,93.328857,-79.821167,-14.337158
1514764802,1,94.658203,-78.706055,-15.573120
1514764802,1,95.169067,-78.167725,-16.056519
1514764802,1,95.619507,-77.651367,-16.501465
1514764802,1,96.020508,-77.156982,-16.907959
1514764802,1,96.696167,-76.201172,-17.649536
1514764802,3,1.244995,-0.343628,0.275757
1514764802,1,96.921387,-75.750732,-17.924194
1514764802,1,97.064209,-75.316772,-18.132935
1514764802,1,97.163086,-74.893799,-18.308716
1514764802,1,97.250977,-74.102783,-18.583374
1514764802,1,97.250977,-73.729248,-18.693237
1514764802,1,97.229004,-73.372192,-18.786621
1514764802,3,1.138184,-0.352051,0.283691
1514764802,1,96.987305,-73.207397,-18.682251
1514764802,1,96.454468,-72.916260,-18.451538
1514764802,1,96.174316,-72.795410,-18.330688
1514764802,1,95.888672,-72.680054,-18.215332
1514764802,1,95.586548,-72.581177,-18.094482
1514764802,1,94.888916,-72.432861,-17.775879
1514764802,3,1.025269,-0.383789,0.281860
1514764802,1,94.515381,-72.383423,-17.600098
1514764802,1,94.136353,-72.344971,-17.413330
1514764802,1,93.718872,-72.317505,-17.193604
1514764802,1,92.817993,-72.306519,-16.677246
1514764802,1,92.395020,-72.312012,-16.446533
1514764802,1,91.972046,-72.328491,-16.221313
1514764802,3,0.928589,-0.411255,0.257446
1514764802,1,91.538086,-72.355957,-15.974121
1514764802,1,90.615234,-72.443848,-15.419312
1514764802,1,90.142822,-72.504272,-15.128174
1514764802,1,89.686890,-72.575684,-14.853516
1514764802,1,89.241943,-72.652588,-14.578857
1514764802,1,88.313599,-72.839355,-13.974609
1514764802,3,0.896973,-0.415405,0.246826
1514764802,1,87.813721,-72.949219,-13.617554
1514764802,1,87.297363,-73.070068,-13.238525
1514764802,1,86.797485,-73.201904,-12.859497
1514764802,1,85.792236,-73.493042,-12.073975
1514764802,1,85.297852,-73.657837,-11.661987
1514764802,1,84.797974,-73.828125,-11.233521
1514764802,3,0.883301,-0.429321,0.220825
1514764802,1,84.298096,-74.003906,-10.794067
1514764802,1,83.270874,-74.382935,-9.843750
1514764802,1,82.760010,-74.586182,-9.349365
1514764802,1,82.232666,-74.794922,-8.827515
1514764802,1,81.705322,-75.014648,-8.289185
1514764802,3,0.891968,-0.417603,0.196655
1514764802,1,80.601196,-75.481567,-7.135620
1514764802,1,80.029907,-75.728760,-6.520386
1514764802,1,79.442139,-75.992432,-5.866699
1514764802,1,78.832397,-76.267090,-5.180054
1514764802,1,77.497559,-76.827393,-3.680420
1514764802,3,0.927979,-0.381470,0.167480
1514764802,1,76.783447,-77.124023,-2.872925
1514764802,1,76.019897,-77.426147,-2.015991
1514764802,1,75.206909,-77.733765,-1.093140
1514764802,1,73.394165,-78.370972,0.922852
1514764802,1,72.388916,-78.700562,2.043457
1514764802,3,0.977295,-0.357910,0.147461
1514764802,1,71.306763,-79.035645,3.246460
1514764802,1,70.120239,-79.370728,4.548340
1514764802,1,67.412109,-80.062866,7.509155
1514764802,1,65.863037,-80.408936,9.190063
1514764802,1,64.149170,-80.760498,11.041260
1514764802,3,1.045532,-0.344604,0.135864
1514764802,1,62.232056,-81.106567,13.106689
1514764802,1,57.766113,-81.782227,17.874756
1514764802,1,55.195312,-82.106323,20.604858
1514764802,1,52.344360,-82.413940,23.620605
1514764802,1,49.196777,-82.705078,26.938477
1514764802,1,41.901855,-83.215942,34.584961
1514764802,3,1.136719,-0.320679,0.167969
1514764802,1,37.749023,-83.430176,38.924561
1514764803,1,33.261108,-83.605957,43.599243
1514764803,1,29.333496,-83.715820,47.724609
1514764803,1,20.819092,-83.842163,56.640015
1514764803,1,16.309204,-83.858643,61.358643
1514764803,3,1.205811,-0.312866,0.186646
1514764803,1,11.700439,-83.825684,66.181641
1514764803,1,7.069702,-83.754272,71.026611
1514764803,1,-2.010498,-83.485107,80.546265
1514764803,1,-6.355591,-83.276367,85.111084
1514764803,1,-10.491943,-83.018188,89.467163
1514764803,3,1.303467,-0.288086,0.194092
1514764803,1,-14.392090,-82.727051,93.581543
1514764803,1,-21.450806,-82.051392,101.079712
1514764803,1,-24.609375,-81.655884,104.458008
1514764803,1,-27.509766,-81.221924,107.572632
1514764803,1,-30.151978,-80.760498,110.434570
1514764803,1,-34.760742,-79.749756,115.471802
1514764803,3,1.401001,-0.240479,0.196167
1514764803,1,-36.760254,-79.200439,117.680054
1514764803,1,-38.589478,-78.634644,119.712524
1514764803,1,-40.270386,-78.052368,121.602173
1514764803,1,-43.209229,-76.832886,124.936523
1514764803,1,-44.478149,-76.190186,126.408691
1514764803,1,-45.637207,-75.536499,127.754517
1514764803,1,-46.719360,-74.866333,129.023438
1514764803,3,1.462524,-0.210327,0.206421
1514764803,1,-48.647461,-73.498535,131.314087
1514764803,1,-49.498901,-72.795410,132.346802
1514764803,1,-50.284424,-72.075806,133.302612
1514764803,1,-51.009521,-71.350708,134.197998
1514764803,1,-52.305908,-69.856567,135.818481
1514764803,1,-52.893677,-69.093018,136.560059
1514764803,1,-53.442993,-68.329468,137.263184
1514764803,3,1.542358,-0.179810,0.216797
1514764803,1,-53.953857,-67.554932,137.927856
1514764803,1,-54.876709,-65.978394,139.136353
1514764803,1,-55.283203,-65.181885,139.674683
1514764803,1,-55.656738,-64.379883,140.180054
1514764803,1,-55.997314,-63.572388,140.646973
1514764803,1,-56.634521,-61.946411,141.498413
1514764803,1,-56.931152,-61.127930,141.888428
1514764803,3,1.549438,-0.131470,0.173340
1514764803,1,-57.211304,-60.309448,142.256470
1514764803,1,-57.480469,-59.485474,142.597046
1514764803,1,-58.013306,-57.843018,143.228760
1514764803,1,-58.271484,-57.019043,143.519897
1514764803,1,-58.524170,-56.195068,143.794556
1514764803,1,-58.776855,-55.371094,144.052734
1514764803,3,1.480957,-0.102905,0.179199
1514764803,1,-59.287720,-53.739624,144.536133
1514764803,1,-59.551392,-52.921143,144.772339
1514764803,1,-59.820557,-52.113647,144.997559
1514764803,1,-60.089722,-51.311646,145.206299
1514764803,1,-60.633545,-49.713135,145.596313
1514764803,1,-60.913696,-48.916626,145.783081
1514764803,1,-61.193848,-48.131104,145.958862
1514764803,3,1.359375,-0.109131,0.150757
1514764803,1,-61.473999,-47.345581,146.129150
1514764803,1,-62.045288,-45.791016,146.447754
1514764803,1,-62.336426,-45.027466,146.596069
1514764803,1,-62.622070,-44.263916,146.738892
1514764803,1,-62.896729,-43.511353,146.865234
1514764803,1,-63.468018,-42.028198,147.112427
1514764803,1,-63.748169,-41.297607,147.222290
1514764803,3,1.214355,-0.119263,0.086792
1514764803,1,-64.022827,-40.578003,147.326660
1514764803,1,-64.286499,-39.858398,147.420044
1514764803,1,-64.813843,-38.446655,147.595825
1514764803,1,-65.072021,-37.754517,147.678223
1514764803,1,-65.324707,-37.073364,147.755127
1514764803,1,-65.577393,-36.397705,147.821045
1514764803,1,-66.082764,-35.084839,147.952881
1514764803,3,1.035767,-0.129272,0.112915
1514764803,1,-66.335449,-34.442139,148.013306
1514764803,1,-66.582642,-33.815918,148.073730
1514764803,1,-66.829834,-33.200684,148.134155
1514764803,1,-67.318726,-32.003174,148.244019
1514764803,1,-67.549438,-31.426392,148.293457
1514764803,1,-67.774658,-30.860596,148.342896
1514764803,1,-67.994385,-30.305786,148.392334
1514764803,3,0.923584,-0.138672,0.076538
1514764803,1,-68.406372,-29.234619,148.485718
1514764803,1,-68.598633,-28.718262,148.535156
1514764803,1,-68.774414,-28.218384,148.584595
1514764803,1,-68.950195,-27.723999,148.628540
1514764803,1,-69.263306,-26.779175,148.705444
1514764803,1,-69.411621,-26.323242,148.738403
1514764803,1,-69.543457,-25.883789,148.771362
1514764803,3,0.774780,-0.149292,0.122192
1514764803,1,-69.669800,-25.471802,148.804321
1514764803,1,-69.895020,-24.691772,148.864746
1514764803,1,-69.999390,-24.323730,148.897705
1514764803,1,-70.087280,-24.120483,148.919678
1514764803,1,-70.164185,-23.928223,148.952637
1514764803,1,-70.307007,-23.593140,149.013062
1514764803,1,-70.367432,-23.450317,149.040527
1514764803,3,0.669556,-0.141113,0.107788
1514764803,1,-70.416870,-23.318481,149.073486
1514764803,1,-70.460815,-23.208618,149.095459
1514764803,1,-70.537720,-23.027344,149.150391
1514764803,1,-70.570679,-22.955933,149.177856
1514764803,1,-70.592651,-22.906494,149.199829
1514764803,1,-70.614624,-22.868042,149.221802
1514764803,3,0.635864,-0.116943,0.105591
1514764803,1,-70.642090,-22.840576,149.260254
1514764803,1,-70.653076,-22.846069,149.271240
1514764803,1,-70.653076,-22.868042,149.287720
1514764803,1,-70.653076,-22.906494,149.304199
1514764803,1,-70.647583,-23.021851,149.337158
1514764803,1,-70.642090,-23.104248,149.353638
1514764803,1,-70.631104,-23.197632,149.375610
1514764803,3,0.582153,-0.110718,0.101318
1514764803,1,-70.614624,-23.307495,149.392090
1514764803,1,-70.576172,-23.582153,149.430542
1514764803,1,-70.554199,-23.741455,149.452515
1514764803,1,-70.532227,-23.922729,149.468994
1514764803,1,-70.504761,-24.114990,149.490967
1514764803,1,-70.449829,-24.559937,149.529419
1514764803,1,-70.416870,-24.812622,149.545898
1514764803,3,0.576660,-0.125854,0.096680
1514764803,1,-70.383911,-25.081787,149.567871
1514764803,1,-70.350952,-25.372925,149.584351
1514764803,1,-70.268555,-26.004639,149.617310
1514764803,1,-70.230103,-26.350708,149.639282
1514764803,1,-70.186157,-26.713257,149.655762
1514764803,1,-70.142212,-27.097778,149.672241
1514764803,1,-70.043335,-27.927246,149.705200
1514764803,3,0.627197,-0.147705,0.088013
1514764803,1,-69.993896,-28.366699,149.721680
1514764803,1,-69.944458,-28.833618,149.738159
1514764803,1,-69.895020,-29.317017,149.754639
1514764803,1,-69.785156,-30.333252,149.782104
1514764803,1,-69.730225,-30.877075,149.793091
1514764803,1,-69.675293,-31.431885,149.804077
1514764803,1,-69.614868,-32.008667,149.809570
1514764803,3,0.704834,-0.155640,0.099243
1514764803,1,-69.499512,-33.074341,149.831543
1514764803,1,-69.450073,-33.574219,149.837036
1514764803,1,-69.400635,-34.085083,149.848022
1514764803,1,-69.351196,-34.612427,149.853516
1514764803,1,-69.252319,-35.716553,149.875488
1514764803,1,-69.202881,-36.298828,149.886475
1514764803,3,0.805420,-0.180908,0.124756
1514764803,1,-69.147949,-36.886597,149.886475
1514764803,1,-69.098511,-37.496338,149.891968
1514764803,1,-68.994141,-38.759766,149.897461
1514764803,1,-68.933716,-39.407959,149.891968
1514764803,1,-68.878784,-40.078125,149.886475
1514764803,1,-68.818359,-40.753784,149.880981
1514764803,1,-68.686523,-42.154541,149.853516
1514764803,3,0.942871,-0.217285,0.130737
1514764803,1,-68.615112,-42.868652,149.837036
1514764803,1,-68.543701,-43.599243,149.809570
1514764803,1,-68.472290,-44.340820,149.787598
1514764803,1,-68.318481,-45.856934,149.716187
1514764803,1,-68.247070,-46.631470,149.672241
1514764803,1,-68.170166,-47.416992,149.628296
1514764803,1,-68.093262,-48.213501,149.578857
1514764803,3,1.088135,-0.248779,0.131348
1514764803,1,-67.933960,-49.828491,149.452515
1514764803,1,-67.857056,-50.652466,149.381104
1514764803,1,-67.763672,-51.481934,149.298706
1514764803,1,-67.664795,-52.316895,149.205322
1514764803,1,-67.445068,-54.008789,148.974609
1514764803,1,-67.318726,-54.865723,148.842773
1514764803,1,-67.181396,-55.728149,148.694458
1514764803,3,1.238892,-0.277954,0.136475
1514764803,1,-67.038574,-56.596069,148.540649
1514764803,1,-66.730957,-58.353882,148.216553
1514764803,1,-66.555176,-59.232788,148.040771
1514764803,1,-66.362915,-60.117188,147.843018
1514764803,1,-66.148682,-61.007080,147.628784
1514764803,1,-65.654297,-62.792358,147.145386
1514764803,1,-65.379639,-63.687744,146.881714
1514764803,3,1.373901,-0.326172,0.206299
1514764803,1,-65.083008,-64.583130,146.607056
1514764803,1,-64.764404,-65.484009,146.315918
1514764803,1,-64.055786,-67.296753,145.684204
1514764803,1,-63.638306,-68.192139,145.327148
1514764803,1,-63.187866,-69.087524,144.953613
1514764803,1,-62.698975,-69.971924,144.552612
1514764803,3,1.460449,-0.378418,0.218872
1514764803,1,-61.572876,-71.746216,143.618774
1514764803,1,-60.897217,-72.630615,143.063965
1514764803,1,-60.133667,-73.504028,142.426758
1514764803,1,-59.287720,-74.371948,141.718140
1514764803,1,-57.343140,-76.091309,140.081177
1514764803,1,-56.206055,-76.942749,139.108887
1514764803,1,-54.937134,-77.783203,138.021240
1514764803,3,1.487915,-0.356323,0.224731
1514764803,1,-53.497925,-78.612671,136.779785
1514764803,1,-49.993286,-80.227661,133.670654
1514764803,1,-47.807007,-81.007690,131.693115
1514764803,1,-45.263672,-81.765747,129.353027
1514764803,1,-42.269897,-82.501831,126.562500
1514764803,1,-34.436646,-83.880615,119.135742
1514764803,1,-29.251099,-84.506836,114.131470
1514764803,3,1.463257,-0.318481,0.262817
1514764803,1,-22.906494,-85.072632,107.979126
1514764803,1,-15.144653,-85.561523,100.387573
1514764803,1,4.839478,-86.204224,80.722046
1514764803,1,16.479492,-86.314087,69.224854
1514764803,1,28.190918,-86.275635,57.645264
1514764803,3,1.415649,-0.284668,0.280273
1514764803,1,39.056396,-86.099854,46.895142
1514764803,1,56.414795,-85.407715,29.739990
1514764803,1,62.885742,-84.957275,23.351440
1514764803,1,68.137207,-84.462891,18.171387
1514764803,1,72.421875,-83.935547,13.941650
1514764803,1,78.854370,-82.836914,7.580566
1514764803,3,1.343872,-0.280029,0.304199
1514764803,1,81.254883,-82.282104,5.202026
1514764803,1,83.254395,-81.721802,3.202515
1514764803,1,84.946289,-81.161499,1.505127
1514764803,1,87.566528,-80.068359,-1.153564
1514764803,3,1.291870,-0.274170,0.314453
1514764803,1,88.615723,-79.530029,-2.246704
1514764803,1,89.527588,-79.002686,-3.218994
1514764803,1,90.302124,-78.486328,-4.059448
1514764803,1,91.466675,-77.486572,-5.399780
1514764803,1,91.900635,-77.003174,-5.943604
1514764803,1,92.257690,-76.530762,-6.416016
1514764803,3,1.195312,-0.273315,0.302612
1514764803,1,92.565308,-76.074829,-6.844482
1514764803,1,93.032227,-75.195923,-7.591553
1514764803,1,93.208008,-74.778442,-7.915649
1514764803,1,93.345337,-74.371948,-8.206787
1514764803,1,93.433228,-73.976440,-8.453979
1514764803,3,1.122925,-0.304199,0.285645
1514764803,1,93.477173,-73.234863,-8.811035
1514764804,1,93.482666,-72.877808,-8.975830
1514764804,1,93.257446,-72.707520,-8.926392
1514764804,1,93.015747,-72.548218,-8.865967
1514764804,1,92.427979,-72.273560,-8.629761
1514764804,3,1.037476,-0.345947,0.286011
1514764804,1,92.114868,-72.158203,-8.486938
1514764804,1,91.807251,-72.053833,-8.355103
1514764804,1,91.494141,-71.954956,-8.217773
1514764804,1,90.834961,-71.801147,-7.893677
1514764804,1,90.477905,-71.746216,-7.701416
1514764804,3,0.971558,-0.356445,0.277100
1514764804,1,90.115356,-71.707764,-7.498169
1514764804,1,89.769287,-71.674805,-7.305908
1514764804,1,89.077148,-71.647339,-6.915894
1514764804,1,88.692627,-71.647339,-6.679688
1514764804,1,88.286133,-71.658325,-6.410522
1514764804,1,87.863159,-71.685791,-6.124878
1514764804,3,0.916504,-0.348999,0.258545
1514764804,1,87.028198,-71.762695,-5.548096
1514764804,1,86.621704,-71.823120,-5.267944
1514764804,1,86.209717,-71.894531,-4.971313
1514764804,1,85.797729,-71.982422,-4.669189
1514764804,1,84.973755,-72.191162,-4.053955
1514764804,3,0.887329,-0.364624,0.230591
1514764804,1,84.556274,-72.312012,-3.724365
1514764804,1,84.127808,-72.443848,-3.383789
1514764804,1,83.688354,-72.586670,-3.015747
1514764804,1,82.792969,-72.910767,-2.246704
1514764804,1,82.359009,-73.092041,-1.867676
1514764804,3,0.894775,-0.356201,0.203369
1514764804,1,81.914062,-73.284302,-1.466675
1514764804,1,81.463623,-73.493042,-1.054688
1514764804,1,80.507812,-73.937988,-0.142822
1514764804,1,79.991455,-74.174194,0.357056
1514764804,1,79.447632,-74.421387,0.895386
1514764804,3,0.925781,-0.343262,0.180420
1514764804,1,78.887329,-74.679565,1.466675
1514764804,1,77.689819,-75.228882,2.702637
1514764804,1,77.063599,-75.525513,3.356323
1514764804,1,76.398926,-75.822144,4.053955
1514764804,1,75.679321,-76.129761,4.812012
1514764804,3,0.954224,-0.324707,0.156982
1514764804,1,74.080811,-76.766968,6.514893
1514764804,1,73.190918,-77.091064,7.470703
1514764804,1,72.235107,-77.426147,8.492432
1514764804,1,71.224365,-77.761230,9.574585
1514764804,3,0.989868,-0.301636,0.154419
1514764804,1,68.955688,-78.458862,11.991577
1514764804,1,67.653809,-78.804932,13.370361
1514764804,1,66.236572,-79.151001,14.875488
1514764804,1,64.687500,-79.502563,16.512451
1514764804,1,61.193848,-80.194702,20.187378
1514764804,1,59.221802,-80.535278,22.258301
1514764804,3,1.055542,-0.273071,0.143677
1514764804,1,57.052002,-80.875854,24.532471
1514764804,1,54.656982,-81.199951,27.031860
1514764804,1,49.174805,-81.820679,32.739258
1514764804,1,46.032715,-82.100830,36.002197
1514764804,1,42.637939,-82.353516,39.523315
1514764804,3,1.118652,-0.256104,0.170288
1514764804,1,39.594727,-82.540283,42.692871
1514764804,1,32.739258,-82.858887,49.839478
1514764804,1,29.025879,-82.985229,53.706665
1514764804,1,25.114746,-83.084106,57.771606
1514764804,1,21.011353,-83.144531,62.039795
1514764804,3,1.196777,-0.258789,0.205566
1514764804,1,12.551880,-83.155518,70.850830
1514764804,1,8.300171,-83.111572,75.283813
1514764804,1,4.059448,-83.029175,79.716797
1514764804,1,-0.109863,-82.897339,84.083862
1514764804,1,-8.058472,-82.523804,92.444458
1514764804,3,1.271240,-0.240601,0.237549
1514764804,1,-11.755371,-82.276611,96.350098
1514764804,1,-15.238037,-81.996460,100.036011
1514764804,1,-18.495483,-81.683350,103.507690
1514764804,1,-24.384155,-80.963745,109.808350
1514764804,1,-27.015381,-80.568237,112.642822
1514764804,1,-29.432373,-80.145264,115.263062
1514764804,3,1.355591,-0.185303,0.246094
1514764804,1,-31.657104,-79.694824,117.680054
1514764804,1,-35.623169,-78.733521,122.025146
1514764804,1,-37.375488,-78.233643,123.969727
1514764804,1,-38.984985,-77.706299,125.755005
1514764804,1,-40.457153,-77.167969,127.413940
1514764804,1,-43.060913,-76.036377,130.369263
1514764804,1,-44.219971,-75.454102,131.698608
1514764804,3,1.435791,-0.180420,0.235229
1514764804,1,-45.269165,-74.860840,132.918091
1514764804,1,-46.224976,-74.245605,134.044189
1514764804,1,-47.905884,-72.987671,136.060181
1514764804,1,-48.674927,-72.344971,136.994019
1514764804,1,-49.394531,-71.696777,137.872925
1514764804,1,-50.064697,-71.037598,138.696899
1514764804,1,-51.229248,-69.691772,140.174561
1514764804,3,1.485718,-0.171143,0.237793
1514764804,1,-51.740112,-69.005127,140.839233
1514764804,1,-52.223511,-68.312988,141.470947
1514764804,1,-52.679443,-67.615356,142.069702
1514764804,1,-53.514404,-66.209106,143.179321
1514764804,1,-53.893433,-65.494995,143.690186
1514764804,1,-54.261475,-64.780884,144.184570
1514764804,3,1.483765,-0.157104,0.214844
1514764804,1,-54.618530,-64.061279,144.656982
1514764804,1,-55.255737,-62.622070,145.502930
1514764804,1,-55.530396,-61.885986,145.876465
1514764804,1,-55.794067,-61.155396,146.228027
1514764804,1,-56.041260,-60.419312,146.557617
1514764804,1,-56.524658,-58.936157,147.183838
1514764804,1,-56.755371,-58.194580,147.469482
1514764804,3,1.451904,-0.145630,0.194458
1514764804,1,-56.980591,-57.453003,147.744141
1514764804,1,-57.200317,-56.705933,148.007812
1514764804,1,-57.650757,-55.222778,148.513184
1514764804,1,-57.870483,-54.475708,148.754883
1514764804,1,-58.084717,-53.734131,148.980103
1514764804,3,1.356323,-0.139038,0.173218
1514764804,1,-58.721924,-51.520386,149.611816
1514764804,3,1.325439,-0.140625,0.168701
1514764804,1,-58.936157,-50.784302,149.809570
1514764804,1,-59.155884,-50.053711,150.007324
1514764804,1,-59.375610,-49.328613,150.205078
1514764804,1,-59.809570,-47.889404,150.578613
1514764804,1,-60.023804,-47.180786,150.759888
1514764804,1,-60.227051,-46.483154,150.935669
1514764804,3,1.256348,-0.156494,0.135742
1514764804,1,-60.430298,-45.785522,151.105957
1514764804,1,-60.820312,-44.406738,151.413574
1514764804,1,-61.007080,-43.720093,151.556396
1514764804,1,-61.188354,-43.038940,151.688232
1514764804,1,-61.364136,-42.363281,151.814575
1514764804,1,-61.704712,-41.017456,152.045288
1514764804,1,-61.864014,-40.352783,152.155151
1514764804,3,1.125366,-0.132690,0.126343
1514764804,1,-62.023315,-39.693604,152.265015
1514764804,1,-62.182617,-39.045410,152.369385
1514764804,1,-62.490234,-37.765503,152.561646
1514764804,1,-62.633057,-37.139282,152.655029
1514764804,1,-62.764893,-36.518555,152.737427
1514764804,1,-62.896729,-35.903320,152.819824
1514764804,1,-63.149414,-34.705811,152.968140
1514764804,3,0.975220,-0.124756,0.113525
1514764804,1,-63.270264,-34.123535,153.039551
1514764804,1,-63.391113,-33.552246,153.105469
1514764804,1,-63.506470,-32.986450,153.176880
1514764804,1,-63.715210,-31.893311,153.303223
1514764804,1,-63.819580,-31.365967,153.374634
1514764804,1,-63.918457,-30.855103,153.440552
1514764804,1,-64.017334,-30.349731,153.511963
1514764804,3,0.856567,-0.122314,0.113159
1514764804,1,-64.193115,-29.382935,153.649292
1514764804,1,-64.275513,-28.921509,153.720703
1514764804,1,-64.346924,-28.465576,153.786621
1514764804,1,-64.418335,-28.026123,153.852539
1514764804,1,-64.544678,-27.185669,153.962402
1514764804,1,-64.599609,-26.784668,154.017334
1514764804,3,0.751587,-0.099487,0.116211
1514764804,1,-64.654541,-26.394653,154.061279
1514764804,1,-64.709473,-26.021118,154.105225
1514764804,1,-64.780884,-25.614624,154.176636
1514764804,1,-64.819336,-25.433350,154.209595
1514764804,1,-64.852295,-25.257568,154.248047
1514764804,1,-64.885254,-25.098267,154.281006
1514764804,1,-64.951172,-24.845581,154.341431
1514764804,3,0.649170,-0.091553,0.127808
1514764804,1,-64.978638,-24.741211,154.368896
1514764804,1,-65.006104,-24.647827,154.396362
1514764804,1,-65.033569,-24.570923,154.418335
1514764804,1,-65.077515,-24.450073,154.451294
1514764804,1,-65.099487,-24.417114,154.462280
1514764804,1,-65.121460,-24.389648,154.467773
1514764804,1,-65.143433,-24.384155,154.478760
1514764804,3,0.594116,-0.084961,0.122437
1514764804,1,-65.181885,-24.411621,154.484253
1514764804,1,-65.198364,-24.450073,154.484253
1514764804,1,-65.220337,-24.505005,154.484253
1514764804,1,-65.242310,-24.576416,154.478760
1514764804,1,-65.286255,-24.763184,154.467773
1514764804,1,-65.308228,-24.878540,154.456787
1514764804,1,-65.330200,-25.015869,154.445801
1514764804,3,0.563843,-0.071777,0.099365
1514764804,1,-65.352173,-25.164185,154.429321
1514764804,1,-65.401611,-25.510254,154.390869
1514764804,1,-65.423584,-25.713501,154.368896
1514764804,1,-65.445557,-25.927734,154.341431
1514764804,1,-65.467529,-26.158447,154.313965
1514764804,1,-65.511475,-26.674805,154.259033
1514764804,1,-65.527954,-26.960449,154.231567
1514764804,3,0.553223,-0.089844,0.109741
1514764804,1,-65.544434,-27.262573,154.204102
1514764804,1,-65.560913,-27.586670,154.171143
1514764804,1,-65.588379,-28.289795,154.105225
1514764804,1,-65.599365,-28.668823,154.066772
1514764804,1,-65.615845,-29.069824,154.028320
1514764804,1,-65.626831,-29.487305,153.995361
1514764804,1,-65.643311,-30.382690,153.912964
1514764804,3,0.637207,-0.143311,0.132446
1514764804,1,-65.643311,-30.860596,153.869019
1514764804,1,-65.643311,-31.354980,153.825073
1514764804,1,-65.643311,-31.871338,153.775635
1514764804,1,-65.637817,-32.958984,153.671265
1514764804,1,-65.626831,-33.530273,153.610840
1514764804,1,-65.621338,-34.118042,153.544922
1514764804,1,-65.626831,-34.595947,153.489990
1514764804,3,0.727173,-0.147827,0.138306
1514764804,1,-65.643311,-35.601196,153.369141
1514764804,1,-65.648804,-36.128540,153.308716
1514764804,1,-65.654297,-36.672363,153.242798
1514764804,1,-65.659790,-37.232666,153.176880
1514764804,1,-65.670776,-38.397217,153.034058
1514764804,1,-65.670776,-39.001465,152.957153
1514764804,1,-65.670776,-39.622192,152.880249
1514764804,3,0.861328,-0.203857,0.131226
1514764804,1,-65.665283,-40.248413,152.792358
1514764804,1,-65.637817,-41.550293,152.611084
1514764804,1,-65.621338,-42.220459,152.512207
1514764804,1,-65.593872,-42.901611,152.407837
1514764804,1,-65.560913,-43.588257,152.297974
1514764804,1,-65.467529,-45.005493,152.061768
1514764804,3,0.992798,-0.261719,0.156494
1514764804,1,-65.412598,-45.730591,151.940918
1514764804,1,-65.352173,-46.466675,151.814575
1514764804,1,-65.275269,-47.213745,151.682739
1514764804,1,-65.104980,-48.740845,151.402588
1514764804,1,-65.000610,-49.520874,151.248779
1514764804,1,-64.885254,-50.306396,151.094971
1514764804,1,-64.758911,-51.102905,150.930176
1514764804,3,1.121826,-0.293091,0.178955
1514764804,1,-64.451294,-52.723389,150.556641
1514764804,1,-64.264526,-53.547363,150.342407
1514764804,1,-64.055786,-54.376831,150.117188
1514764804,1,-63.836060,-55.217285,149.880981
