1514764801,3,1.001587,-0.210449,-0.112305
1514764801,3,1.005371,-0.212524,-0.116333
1514764801,3,1.007080,-0.209839,-0.118652
1514764801,3,1.007202,-0.206055,-0.123413
1514764801,3,1.007080,-0.204590,-0.128906
1514764801,3,1.006592,-0.207031,-0.140869
1514764801,3,1.005249,-0.204834,-0.144531
1514764801,3,1.006592,-0.203979,-0.150269
1514764801,3,1.008545,-0.205444,-0.154541
1514764801,3,1.009644,-0.205322,-0.157349
1514764801,3,1.009644,-0.207397,-0.158569
1514764801,3,1.009399,-0.207886,-0.157959
1514764801,3,1.011230,-0.205811,-0.158569
1514764801,3,1.010986,-0.210327,-0.157959
1514764801,3,1.014404,-0.212402,-0.155640
1514764801,3,1.013550,-0.214722,-0.155884
1514764801,3,1.010498,-0.217285,-0.157349
1514764801,3,1.005859,-0.218140,-0.157715
1514764801,3,1.003052,-0.218750,-0.157471
1514764801,3,1.000854,-0.221069,-0.158936
1514764801,3,0.998169,-0.220947,-0.159790
1514764801,3,0.998413,-0.223145,-0.168091
1514764801,3,0.993164,-0.220337,-0.170410
1514764801,3,0.988037,-0.220337,-0.175659
1514764801,3,0.983276,-0.219482,-0.177368
1514764801,3,0.974121,-0.218506,-0.180298
1514764801,3,0.967529,-0.218140,-0.182251
1514764801,3,0.966797,-0.220215,-0.186646
1514764801,3,0.964722,-0.220215,-0.186401
1514764801,3,0.964844,-0.223877,-0.190918
1514764801,3,0.963379,-0.223999,-0.189453
1514764801,3,0.958496,-0.220825,-0.188965
1514764801,3,0.956055,-0.219727,-0.188232
1514764801,3,0.948242,-0.221680,-0.184937
1514764801,3,0.946899,-0.220825,-0.185791
1514764801,3,0.948853,-0.223022,-0.183228
1514764801,3,0.945068,-0.224243,-0.180420
1514764801,3,0.934082,-0.225952,-0.173828
1514764801,3,0.929443,-0.228271,-0.172119
1514764801,3,0.925293,-0.234375,-0.172241
1514764801,3,0.926147,-0.234131,-0.171265
1514764801,3,0.932495,-0.236084,-0.166138
1514764801,3,0.934937,-0.236572,-0.163940
1514764801,3,0.939087,-0.243774,-0.160767
1514764801,3,0.940430,-0.247070,-0.158203
1514764801,3,0.946167,-0.242310,-0.160767
1514764801,3,0.948608,-0.242310,-0.165283
1514764801,3,0.955566,-0.246094,-0.168701
1514764801,3,0.959106,-0.244263,-0.171753
1514764801,3,0.965698,-0.239990,-0.181274
1514764801,3,0.963135,-0.240479,-0.180908
1514764801,3,0.964355,-0.240723,-0.182861
1514764801,3,0.965942,-0.241211,-0.180542
1514764801,3,0.969360,-0.230957,-0.178345
1514764801,3,0.972900,-0.233521,-0.175415
1514764801,3,0.973877,-0.229492,-0.170288
1514764801,3,0.977295,-0.228638,-0.163940
1514764801,3,0.977783,-0.223877,-0.151733
1514764801,3,0.977905,-0.227417,-0.151855
1514764801,3,0.980347,-0.227417,-0.148804
1514764801,3,0.983276,-0.227539,-0.145386
1514764801,3,0.997070,-0.225220,-0.138062
1514764801,3,0.999390,-0.224609,-0.133301
1514764801,3,1.006348,-0.225830,-0.126709
1514764801,3,1.013184,-0.221802,-0.115601
1514764801,3,1.020996,-0.218018,-0.099976
1514764801,3,1.028931,-0.219238,-0.099976
1514764801,3,1.034546,-0.215332,-0.101685
1514764801,3,1.035400,-0.216309,-0.105469
1514764801,3,1.042969,-0.209595,-0.102173
1514764801,3,1.043579,-0.210449,-0.100952
1514764801,3,1.041504,-0.206665,-0.097656
1514764801,3,1.043823,-0.203979,-0.094116
1514764801,3,1.053711,-0.201904,-0.089111
1514764801,3,1.058228,-0.206299,-0.081787
1514764801,3,1.060059,-0.202637,-0.075806
1514764801,3,1.058960,-0.196899,-0.071899
1514764801,3,1.062012,-0.185913,-0.071655
1514764801,3,1.067993,-0.181763,-0.064453
1514764801,3,1.079346,-0.174316,-0.058105
1514764801,3,1.100586,-0.164795,-0.062378
1514764801,3,1.057739,-0.176392,-0.032104
1514764801,3,1.056641,-0.179932,-0.031982
1514764801,3,1.067505,-0.183594,-0.033081
1514764801,3,1.083374,-0.191650,-0.029785
1514764801,3,1.097656,-0.183716,-0.023804
1514764801,3,1.095947,-0.174683,-0.029419
1514764801,3,1.087769,-0.163696,-0.031738
1514764801,3,1.086182,-0.163818,-0.031494
1514764801,3,1.079102,-0.155762,-0.032837
1514764801,3,1.075928,-0.152710,-0.035645
1514764801,3,1.073853,-0.151123,-0.030518
1514764801,3,1.067993,-0.147583,-0.028320
1514764801,3,1.062134,-0.142944,-0.016479
1514764801,3,1.053955,-0.138916,-0.010986
1514764801,3,1.046265,-0.131836,-0.006226
1514764801,3,1.035278,-0.128540,0.001953
1514764801,3,1.007812,-0.124878,0.021118
1514764801,3,0.995972,-0.127930,0.034180
1514764801,3,0.982910,-0.130493,0.041748
1514764801,3,0.973145,-0.132690,0.044922
1514764801,3,0.954346,-0.132324,0.062012
1514764801,3,0.938843,-0.132568,0.074829
1514764801,3,0.928955,-0.129639,0.079956
1514764801,3,0.913818,-0.125488,0.078857
1514764801,3,0.897705,-0.121582,0.081299
1514764801,3,0.899170,-0.117432,0.076538
1514764801,3,0.898315,-0.124023,0.078979
1514764801,3,0.888550,-0.134033,0.079712
1514764801,3,0.885498,-0.130493,0.085938
1514764801,3,0.882568,-0.129639,0.089966
1514764801,3,0.878174,-0.129395,0.100342
1514764801,3,0.879639,-0.129517,0.111816
1514764801,3,0.880371,-0.121582,0.129761
1514764801,3,0.884155,-0.126099,0.132202
1514764801,3,0.890869,-0.133667,0.133301
1514764801,3,0.895996,-0.134644,0.134521
1514764801,3,0.906616,-0.136108,0.140381
1514764801,3,0.912842,-0.140869,0.141113
1514764801,3,0.916992,-0.138184,0.141602
1514764801,3,0.922485,-0.135986,0.140015
1514764801,3,0.931152,-0.124878,0.139648
1514764801,3,0.945312,-0.130249,0.130859
1514764801,3,0.958130,-0.134033,0.125854
1514764801,3,0.956543,-0.123535,0.117798
1514764801,3,0.957397,-0.108154,0.108887
1514764801,3,0.955688,-0.102539,0.109985
1514764801,3,0.955200,-0.105469,0.103638
1514764801,3,0.957886,-0.099365,0.100220
1514764801,3,0.957764,-0.081055,0.100708
1514764801,3,0.958008,-0.069336,0.101074
1514764801,3,0.955200,-0.060547,0.104370
1514764801,3,0.951172,-0.049194,0.106934
1514764801,3,0.940430,-0.030640,0.115723
1514764801,3,0.935791,-0.020996,0.125610
1514764801,3,0.933594,-0.005859,0.146240
1514764801,3,0.933105,0.001465,0.155518
1514764801,3,0.949829,0.006836,0.167969
1514764801,3,0.956909,0.009644,0.171387
1514764801,3,0.965820,0.014038,0.173828
1514764801,3,0.972778,0.018555,0.175049
1514764801,3,0.978394,0.033447,0.177856
1514764801,3,0.982178,0.036621,0.178345
1514764801,3,0.985229,0.044434,0.174561
1514764801,3,0.993896,0.051025,0.173462
1514764801,3,0.997314,0.049927,0.156372
1514764801,3,0.990356,0.047485,0.151733
1514764801,3,0.988403,0.047729,0.148560
1514764801,3,0.974731,0.052368,0.143188
1514764801,3,0.980103,0.075684,0.148315
1514764801,3,1.012451,0.058960,0.146118
1514764801,3,1.035645,0.036987,0.152100
1514764801,3,1.026733,0.021362,0.170410
1514764801,3,1.001587,0.035522,0.195557
1514764801,3,0.996216,0.051880,0.208862
1514764801,3,0.989258,0.066772,0.220337
1514764801,3,0.991699,0.069458,0.229858
1514764801,3,0.990479,0.047729,0.240479
1514764801,3,0.985840,0.039795,0.244995
1514764801,3,0.978516,0.035156,0.247437
1514764801,3,0.971436,0.033813,0.247559
1514764801,3,0.956177,0.031250,0.244751
1514764801,3,0.951172,0.020386,0.239624
1514764801,3,0.947266,0.002686,0.237061
1514764801,3,0.943604,-0.017334,0.227539
1514764801,3,0.934937,-0.054565,0.210571
1514764801,3,0.936523,-0.077759,0.212769
1514764801,3,0.928711,-0.090088,0.208618
1514764801,3,0.917114,-0.095093,0.201172
1514764801,3,0.901489,-0.087769,0.204224
1514764801,3,0.891724,-0.081543,0.207886
1514764801,3,0.885742,-0.069336,0.211060
1514764801,3,0.885010,-0.062866,0.211670
1514764801,3,0.870361,-0.043701,0.216431
1514764801,3,0.868286,-0.037231,0.218628
1514764801,3,0.866821,-0.030640,0.217773
1514764801,3,0.861694,-0.013428,0.218994
1514764801,3,0.840576,-0.001587,0.220093
1514764801,3,0.835571,0.006714,0.220093
1514764801,3,0.824585,0.014893,0.221680
1514764801,3,0.830566,0.021118,0.223389
1514764801,3,0.828125,0.026611,0.231445
1514764801,3,0.832153,0.028687,0.234131
1514764801,3,0.840698,0.030518,0.239502
1514764801,3,0.847046,0.028809,0.237549
1514764801,3,0.851685,0.027588,0.238647
1514764801,3,0.852051,0.027222,0.241577
1514764801,3,0.854736,0.026367,0.246216
1514764801,3,0.857666,0.025146,0.250366
1514764801,3,0.867432,0.022827,0.256104
1514764801,3,0.870605,0.019653,0.261108
1514764801,3,0.880493,0.014526,0.260132
1514764801,3,0.881348,0.022095,0.262695
1514764801,3,0.895752,0.029053,0.262207
1514764801,3,0.897583,0.027832,0.262939
1514764801,3,0.893311,0.026978,0.265137
1514764801,3,0.887451,0.024414,0.265991
1514764801,3,0.898804,0.022705,0.254639
1514764801,3,0.904297,0.026733,0.247925
1514764802,3,0.903076,0.031128,0.244629
1514764802,3,0.900269,0.030396,0.245361
1514764802,3,0.885376,0.025024,0.245361
1514764802,3,0.882446,0.021118,0.243164
1514764802,3,0.878418,0.018921,0.243286
1514764802,3,0.879028,0.008423,0.243896
1514764802,3,0.878296,0.005981,0.240967
1514764802,3,0.895508,0.008057,0.242188
1514764802,3,0.891479,-0.001709,0.241455
1514764802,3,0.889404,-0.005737,0.258789
1514764802,3,0.874268,-0.026733,0.284302
1514764802,3,0.847534,-0.037842,0.297852
1514764802,3,0.877441,-0.033813,0.307251
1514764802,3,0.886475,-0.036499,0.319824
1514764802,3,0.901245,-0.049561,0.340698
1514764802,3,0.903687,-0.047974,0.343628
1514764802,3,0.908936,-0.048706,0.345581
1514764802,3,0.909912,-0.047607,0.349365
1514764802,3,0.913086,-0.036255,0.359131
1514764802,3,0.909302,-0.035400,0.364258
1514764802,3,0.901611,-0.040039,0.364624
1514764802,3,0.895874,-0.041504,0.365234
1514764802,3,0.882812,-0.035767,0.360474
1514764802,3,0.874512,-0.039917,0.359497
1514764802,3,0.869263,-0.051514,0.366455
1514764802,3,0.862915,-0.062134,0.371338
1514764802,3,0.855835,-0.062988,0.375244
1514764802,3,0.846191,-0.055298,0.381226
1514764802,3,0.841797,-0.049438,0.389160
1514764802,3,0.832886,-0.050049,0.399048
1514764802,3,0.836548,-0.052856,0.417480
1514764802,3,0.840210,-0.047485,0.432861
1514764802,3,0.844482,-0.052246,0.437378
1514764802,3,0.858276,-0.055542,0.445435
1514764802,3,0.856079,-0.047974,0.462769
1514764802,3,0.825195,-0.050537,0.473145
1514764802,3,0.816650,-0.048340,0.461426
1514764802,3,0.849243,-0.047974,0.455444
1514764802,3,0.861450,-0.067017,0.463135
1514764802,3,0.861084,-0.070312,0.471069
1514764802,3,0.865845,-0.077881,0.473389
1514764802,3,0.863281,-0.083374,0.477417
1514764802,3,0.864624,-0.089966,0.481079
1514764802,3,0.875977,-0.087036,0.482910
1514764802,3,0.885376,-0.087036,0.484009
1514764802,3,0.891479,-0.085571,0.483154
1514764802,3,0.909668,-0.092285,0.483032
1514764802,3,0.915894,-0.091675,0.480225
1514764802,3,0.923462,-0.096558,0.477905
1514764802,3,0.934082,-0.099854,0.470581
1514764802,3,0.951782,-0.099243,0.463745
1514764802,3,0.958618,-0.099121,0.459595
1514764802,3,0.966431,-0.098633,0.453857
1514764802,3,0.973999,-0.095215,0.449829
1514764802,3,0.992798,-0.093750,0.445679
1514764802,3,1.000000,-0.095703,0.445312
1514764802,3,1.006958,-0.095703,0.441528
1514764802,3,1.011597,-0.096069,0.440430
1514764802,3,1.023804,-0.098389,0.433716
1514764802,3,1.027710,-0.093872,0.431519
1514764802,3,1.030151,-0.093628,0.429443
1514764802,3,1.030762,-0.094116,0.423950
1514764802,3,1.030518,-0.098267,0.406250
1514764802,3,1.032227,-0.101196,0.397095
1514764802,3,1.043701,-0.098511,0.386963
1514764802,3,1.039917,-0.098022,0.384888
1514764802,3,1.045288,-0.094116,0.374878
1514764802,3,1.049561,-0.095093,0.369141
1514764802,3,1.054321,-0.093018,0.364014
1514764802,3,1.053955,-0.090454,0.362305
1514764802,3,1.059204,-0.092285,0.352295
1514764802,3,1.059814,-0.095947,0.345337
1514764802,3,1.061279,-0.097778,0.333374
1514764802,3,1.055542,-0.100464,0.327881
1514764802,3,1.061279,-0.102905,0.300781
1514764802,3,1.059814,-0.105469,0.283325
1514764802,3,1.066040,-0.109863,0.261597
1514764802,3,1.072754,-0.112671,0.234375
1514764802,3,1.094971,-0.133057,0.206299
1514764802,3,1.111450,-0.140991,0.192871
1514764802,3,1.134399,-0.146606,0.179688
1514764802,3,1.161133,-0.157227,0.165039
1514764802,3,1.215698,-0.168213,0.146973
1514764802,3,1.242554,-0.176270,0.141479
1514764802,3,1.278320,-0.177246,0.134277
1514764802,3,1.305054,-0.175659,0.127075
1514764802,3,1.361694,-0.169678,0.122559
1514764802,3,1.374268,-0.166870,0.119263
1514764802,3,1.378052,-0.173584,0.121338
1514764802,3,1.348755,-0.174683,0.101196
1514764802,3,1.441284,-0.154907,0.085815
1514764802,3,1.454224,-0.150513,0.079102
1514764802,3,1.440186,-0.145264,0.072998
1514764802,3,1.432007,-0.139526,0.056030
1514764802,3,1.414795,-0.151001,0.028931
1514764802,3,1.402466,-0.155640,0.015869
1514764802,3,1.390991,-0.152832,-0.000366
1514764802,3,1.371826,-0.151733,-0.011841
1514764802,3,1.332031,-0.142212,-0.040649
1514764802,3,1.305786,-0.143799,-0.051514
1514764802,3,1.280762,-0.144897,-0.061157
1514764802,3,1.250610,-0.147461,-0.067627
1514764802,3,1.189819,-0.154053,-0.080322
1514764802,3,1.166382,-0.156982,-0.082153
1514764802,3,1.140381,-0.157227,-0.084839
1514764802,3,1.111328,-0.155396,-0.080078
1514764802,3,1.070801,-0.143677,-0.078613
1514764802,3,1.056763,-0.134888,-0.083618
1514764802,3,1.045654,-0.132568,-0.086792
1514764802,3,1.034180,-0.124146,-0.090454
1514764802,3,1.012085,-0.109741,-0.098267
1514764802,3,1.000122,-0.105957,-0.098145
1514764802,3,0.987183,-0.103760,-0.099121
1514764802,3,0.977539,-0.097656,-0.099609
1514764802,3,0.965942,-0.089355,-0.103882
1514764802,3,0.959839,-0.090820,-0.105957
1514764802,3,0.957153,-0.089478,-0.104980
1514764802,3,0.959961,-0.091431,-0.106201
1514764802,3,0.943481,-0.093506,-0.116455
1514764802,3,0.966553,-0.086304,-0.115234
1514764802,3,0.964355,-0.088745,-0.119385
1514764802,3,0.950806,-0.090088,-0.114868
1514764802,3,0.926147,-0.087158,-0.108887
1514764802,3,0.915283,-0.085693,-0.110596
1514764802,3,0.904907,-0.083862,-0.110840
1514764802,3,0.895386,-0.086548,-0.114136
1514764802,3,0.893066,-0.094360,-0.098755
1514764802,3,0.893799,-0.096802,-0.089478
1514764802,3,0.901245,-0.105591,-0.102661
1514764802,3,0.935791,-0.091309,-0.094604
1514764802,3,0.946289,-0.095093,-0.095947
1514764802,3,0.946533,-0.099731,-0.091919
1514764802,3,0.940552,-0.105469,-0.093994
1514764802,3,0.934937,-0.110840,-0.098633
1514764802,3,0.925659,-0.108032,-0.108765
1514764802,3,0.924805,-0.101074,-0.114014
1514764802,3,0.920898,-0.104370,-0.117554
1514764802,3,0.909180,-0.107788,-0.118774
1514764802,3,0.894897,-0.107910,-0.121704
1514764802,3,0.889648,-0.105469,-0.124268
1514764802,3,0.878540,-0.103027,-0.120972
1514764802,3,0.867920,-0.104126,-0.116333
1514764802,3,0.850586,-0.099609,-0.108643
1514764802,3,0.848022,-0.104004,-0.102539
1514764802,3,0.846924,-0.105103,-0.097900
1514764802,3,0.843750,-0.109863,-0.089844
1514764802,3,0.846924,-0.115967,-0.072144
1514764802,3,0.848877,-0.118896,-0.064209
1514764802,3,0.847534,-0.126587,-0.057129
1514764802,3,0.848145,-0.130615,-0.047852
1514764802,3,0.851074,-0.140381,-0.040771
1514764802,3,0.848633,-0.142090,-0.038940
1514764802,3,0.845703,-0.140869,-0.044312
1514764802,3,0.839111,-0.137695,-0.046265
1514764802,3,0.832031,-0.131836,-0.045288
1514764802,3,0.832764,-0.131104,-0.041748
1514764802,3,0.828857,-0.135132,-0.037354
1514764802,3,0.859741,-0.146729,-0.032104
1514764802,3,0.847290,-0.152100,-0.027100
1514764802,3,0.853882,-0.157471,-0.023682
1514764802,3,0.861816,-0.159302,-0.019775
1514764802,3,0.869629,-0.161133,-0.014038
1514764802,3,0.887329,-0.174927,-0.004395
1514764802,3,0.900146,-0.182495,-0.000610
1514764802,3,0.907593,-0.180542,0.001709
1514764802,3,0.927734,-0.184326,0.008789
1514764802,3,0.938721,-0.194458,0.022583
1514764802,3,0.934326,-0.196655,0.028809
1514764802,3,0.939941,-0.195923,0.035522
1514764802,3,0.943848,-0.194580,0.039185
1514764802,3,0.959961,-0.192139,0.046265
1514764802,3,0.970093,-0.187500,0.050415
1514764802,3,0.975464,-0.187378,0.055054
1514764802,3,0.980591,-0.184448,0.057861
1514764802,3,0.990845,-0.194214,0.063843
1514764802,3,0.996460,-0.194702,0.068115
1514764802,3,1.000732,-0.202759,0.070312
1514764802,3,1.007568,-0.204834,0.068970
1514764802,3,1.022583,-0.208130,0.060059
1514764802,3,1.029419,-0.212646,0.053589
1514764802,3,1.031494,-0.211304,0.044556
1514764802,3,1.028564,-0.211548,0.039185
1514764802,3,1.024170,-0.204224,0.032227
1514764802,3,1.025635,-0.202026,0.034180
1514764802,3,1.027954,-0.199951,0.035889
1514764802,3,1.029419,-0.196167,0.034668
1514764802,3,1.030151,-0.190552,0.036011
1514764802,3,1.032349,-0.187378,0.039795
1514764802,3,1.032104,-0.181885,0.049805
1514764802,3,1.037109,-0.181885,0.057739
1514764802,3,1.043701,-0.181396,0.073120
1514764802,3,1.048584,-0.181641,0.082397
1514764802,3,1.049438,-0.181885,0.089722
1514764802,3,1.054443,-0.181641,0.098145
1514764802,3,1.044312,-0.171875,0.107666
1514764802,3,1.044434,-0.170288,0.113770
1514764803,3,1.039795,-0.167725,0.114502
1514764803,3,1.037720,-0.167603,0.114868
1514764803,3,1.046387,-0.180664,0.116455
1514764803,3,1.053955,-0.183716,0.120361
1514764803,3,1.061768,-0.197754,0.118774
1514764803,3,1.065186,-0.209229,0.117065
1514764803,3,1.073853,-0.238770,0.108154
1514764803,3,1.075562,-0.250244,0.105347
1514764803,3,1.074707,-0.259521,0.102173
1514764803,3,1.075684,-0.268311,0.101318
1514764803,3,1.081299,-0.283813,0.099365
1514764803,3,1.084839,-0.296021,0.097900
1514764803,3,1.084106,-0.303955,0.093750
1514764803,3,1.086060,-0.309937,0.088623
1514764803,3,1.087524,-0.319092,0.084106
1514764803,3,1.094360,-0.317749,0.078369
1514764803,3,1.098999,-0.312378,0.072021
1514764803,3,1.109863,-0.311890,0.068115
1514764803,3,1.122070,-0.316162,0.077148
1514764803,3,1.133545,-0.326538,0.092529
1514764803,3,1.147217,-0.331055,0.100220
1514764803,3,1.161621,-0.334717,0.105469
1514764803,3,1.193970,-0.324585,0.119751
1514764803,3,1.198853,-0.317139,0.121826
1514764803,3,1.199341,-0.313477,0.122070
1514764803,3,1.200073,-0.310425,0.121826
1514764803,3,1.194824,-0.304199,0.112061
1514764803,3,1.190674,-0.300903,0.112061
1514764803,3,1.186768,-0.305420,0.109985
1514764803,3,1.182983,-0.301636,0.108398
1514764803,3,1.178101,-0.287964,0.109741
1514764803,3,1.179321,-0.282715,0.109985
1514764803,3,1.183960,-0.274536,0.113403
1514764803,3,1.188477,-0.267212,0.114624
1514764803,3,1.196899,-0.253418,0.098633
1514764803,3,1.227051,-0.257202,0.088501
1514764803,3,1.263184,-0.259277,0.094360
1514764803,3,1.288208,-0.265991,0.094116
1514764803,3,1.350098,-0.270752,0.087769
1514764803,3,1.368042,-0.271484,0.083618
1514764803,3,1.373901,-0.273804,0.082642
1514764803,3,1.387695,-0.278809,0.086304
1514764803,3,1.410278,-0.284302,0.092163
1514764803,3,1.420898,-0.291870,0.094238
1514764803,3,1.422852,-0.296387,0.095825
1514764803,3,1.423706,-0.301392,0.101685
1514764803,3,1.400757,-0.304810,0.115234
1514764803,3,1.379883,-0.298828,0.127808
1514764803,3,1.348022,-0.292236,0.146240
1514764803,3,1.311157,-0.285522,0.165894
1514764803,3,1.219360,-0.269287,0.192017
1514764803,3,1.173096,-0.260376,0.204956
1514764803,3,1.131226,-0.248779,0.212769
1514764803,3,1.089722,-0.244995,0.220703
1514764803,3,1.004883,-0.236816,0.229736
1514764803,3,0.962769,-0.232300,0.234497
1514764803,3,0.920898,-0.226074,0.242188
1514764803,3,0.883545,-0.220581,0.243042
1514764803,3,0.822998,-0.199219,0.245483
1514764803,3,0.796265,-0.188599,0.241943
1514764803,3,0.786865,-0.188354,0.236084
1514764803,3,0.766602,-0.186157,0.231567
1514764803,3,0.744141,-0.174316,0.227661
1514764803,3,0.732788,-0.168457,0.227417
1514764803,3,0.728882,-0.170044,0.229614
1514764803,3,0.730347,-0.170044,0.230713
1514764803,3,0.744507,-0.177368,0.231323
1514764803,3,0.749268,-0.176025,0.232178
1514764803,3,0.753296,-0.174927,0.234497
1514764803,3,0.754883,-0.174805,0.233154
1514764803,3,0.759766,-0.175537,0.226929
1514764803,3,0.763428,-0.175293,0.220215
1514764803,3,0.769043,-0.176147,0.214478
1514764803,3,0.774536,-0.171387,0.210815
1514764803,3,0.786865,-0.169800,0.198608
1514764803,3,0.797607,-0.175659,0.195190
1514764803,3,0.806396,-0.179077,0.188110
1514764803,3,0.816528,-0.178589,0.187378
1514764803,3,0.848755,-0.170532,0.165649
1514764803,3,0.862061,-0.163818,0.147339
1514764803,3,0.875732,-0.156738,0.126709
1514764803,3,0.890137,-0.157593,0.114136
1514764803,3,0.918213,-0.151978,0.085938
1514764803,3,0.934814,-0.149048,0.069824
1514764803,3,0.954590,-0.147461,0.054199
1514764803,3,0.977661,-0.150024,0.036377
1514764803,3,1.004272,-0.155029,0.011597
1514764803,3,1.035645,-0.150146,-0.003052
1514764803,3,1.034058,-0.139526,-0.020142
1514764803,3,1.037598,-0.138184,-0.027832
1514764803,3,1.051025,-0.144287,-0.025757
1514764803,3,1.057983,-0.143799,-0.018311
1514764803,3,1.061768,-0.138916,-0.018433
1514764803,3,1.062012,-0.142700,-0.025635
1514764803,3,1.059570,-0.143799,-0.014404
1514764803,3,1.056763,-0.145996,-0.006836
1514764803,3,1.056030,-0.146851,0.003052
1514764803,3,1.055054,-0.150513,0.006836
1514764803,3,1.046997,-0.171997,0.014771
1514764803,3,1.037964,-0.196533,0.019653
1514764803,3,1.030518,-0.219727,0.034180
1514764803,3,1.018311,-0.242798,0.045654
1514764803,3,0.989258,-0.278198,0.073608
1514764803,3,0.980591,-0.293823,0.085327
1514764803,3,0.970825,-0.312012,0.099121
1514764803,3,0.962402,-0.329102,0.111084
1514764803,3,0.976318,-0.371948,0.125244
1514764803,3,0.984741,-0.382812,0.125122
1514764803,3,0.991455,-0.391479,0.119995
1514764803,3,0.999512,-0.401123,0.114624
1514764803,3,1.008545,-0.395386,0.100830
1514764803,3,1.008545,-0.386597,0.093872
1514764803,3,1.006958,-0.378052,0.084595
1514764803,3,1.005005,-0.371094,0.071045
1514764803,3,1.000977,-0.370605,0.053467
1514764803,3,0.993286,-0.371582,0.045776
1514764803,3,0.982788,-0.373291,0.037476
1514764803,3,0.974854,-0.369873,0.036377
1514764803,3,0.944214,-0.349854,0.034424
1514764803,3,0.937866,-0.336670,0.042236
1514764803,3,0.929810,-0.329346,0.047607
1514764803,3,0.914673,-0.303223,0.058716
1514764803,3,0.899536,-0.286133,0.074585
1514764803,3,0.895508,-0.291138,0.081299
1514764803,3,0.893311,-0.297119,0.086426
1514764803,3,0.889404,-0.310059,0.090820
1514764803,3,0.869995,-0.337158,0.089233
1514764803,3,0.854004,-0.338379,0.072144
1514764803,3,0.882324,-0.283691,0.077515
1514764803,3,0.884399,-0.273804,0.061523
1514764803,3,0.885620,-0.204834,0.073853
1514764803,3,0.906616,-0.141846,0.081909
1514764803,3,0.919312,-0.084961,0.088501
1514764803,3,0.912598,-0.049438,0.099365
1514764803,3,0.858643,-0.072998,0.113525
1514764803,3,0.809082,-0.136719,0.123413
1514764803,3,0.778076,-0.207153,0.117065
1514764803,3,0.767090,-0.253296,0.105347
1514764803,3,0.783813,-0.332031,0.093506
1514764803,3,0.810669,-0.334717,0.097046
1514764803,3,0.852051,-0.306885,0.104614
1514764803,3,0.883911,-0.277222,0.107910
1514764803,3,0.881104,-0.269897,0.116455
1514764803,3,0.866821,-0.287476,0.117432
1514764803,3,0.849365,-0.317993,0.120483
1514764803,3,0.846436,-0.336792,0.118774
1514764803,3,0.881470,-0.297119,0.099976
1514764803,3,0.894897,-0.264893,0.096313
1514764803,3,0.895630,-0.249512,0.103394
1514764803,3,0.901245,-0.229370,0.125122
1514764803,3,0.928223,-0.187622,0.165894
1514764803,3,0.941284,-0.172607,0.180542
1514764803,3,0.939819,-0.185547,0.186035
1514764803,3,0.936768,-0.212158,0.193237
1514764803,3,0.931274,-0.271240,0.227417
1514764803,3,0.907471,-0.304443,0.233521
1514764803,3,0.917847,-0.311646,0.227661
1514764803,3,0.928467,-0.323853,0.231812
1514764803,3,0.922974,-0.345581,0.247314
1514764803,3,0.914307,-0.353394,0.256470
1514764803,3,0.905762,-0.354614,0.260132
1514764803,3,0.909424,-0.356567,0.253662
1514764803,3,0.892212,-0.376221,0.224487
1514764803,3,0.895508,-0.397095,0.210083
1514764803,3,0.894409,-0.412598,0.197266
1514764803,3,0.875244,-0.417969,0.191528
1514764803,3,0.912720,-0.416138,0.156250
1514764803,3,0.910278,-0.409912,0.146118
1514764803,3,0.919922,-0.403687,0.135498
1514764803,3,0.932983,-0.401245,0.127075
1514764803,3,0.969971,-0.397949,0.108032
1514764803,3,0.993164,-0.396484,0.098022
1514764803,3,1.025391,-0.394775,0.089233
1514764803,3,1.050659,-0.395874,0.089233
1514764803,3,1.081909,-0.404297,0.087280
1514764803,3,1.098389,-0.409546,0.090698
1514764803,3,1.111816,-0.416016,0.095337
1514764803,3,1.129883,-0.425415,0.101685
1514764803,3,1.173096,-0.453125,0.116333
1514764803,3,1.188965,-0.468750,0.123047
1514764803,3,1.204468,-0.480835,0.129761
1514764803,3,1.219360,-0.485352,0.131958
1514764803,3,1.220093,-0.456909,0.135376
1514764803,3,1.213379,-0.461060,0.120361
1514764803,3,1.195068,-0.452026,0.120850
1514764803,3,1.176880,-0.441895,0.120361
1514764803,3,1.136230,-0.424683,0.103394
1514764803,3,1.097046,-0.400024,0.100586
1514764803,3,1.061401,-0.385620,0.097778
1514764803,3,1.025269,-0.375000,0.094238
1514764803,3,0.953247,-0.376465,0.091675
1514764803,3,0.940796,-0.359375,0.079834
1514764803,3,0.920776,-0.349365,0.076904
1514764804,3,0.896362,-0.330811,0.072266
1514764804,3,0.871826,-0.294067,0.063965
1514764804,3,0.857910,-0.287720,0.062256
1514764804,3,0.843994,-0.284790,0.056885
1514764804,3,0.828491,-0.280396,0.055054
1514764804,3,0.806641,-0.293091,0.052368
1514764804,3,0.811523,-0.304810,0.049438
1514764804,3,0.811646,-0.303955,0.037476
1514764804,3,0.840698,-0.314331,0.043213
1514764804,3,0.827393,-0.317993,0.031250
1514764804,3,0.828735,-0.315063,0.019531
1514764804,3,0.826294,-0.308472,0.012207
1514764804,3,0.829224,-0.306885,0.002563
1514764804,3,0.852905,-0.288330,-0.021240
1514764804,3,0.864868,-0.279419,-0.028442
1514764804,3,0.870728,-0.274658,-0.041992
1514764804,3,0.885742,-0.268799,-0.051147
1514764804,3,0.902344,-0.263672,-0.080566
1514764804,3,0.919678,-0.256104,-0.091675
1514764804,3,0.928833,-0.248535,-0.099976
1514764804,3,0.940308,-0.238892,-0.110352
1514764804,3,0.953979,-0.233765,-0.121582
1514764804,3,0.955078,-0.228271,-0.124146
1514764804,3,0.950195,-0.221802,-0.125488
1514764804,3,0.936768,-0.206543,-0.125488
1514764804,3,0.913330,-0.204346,-0.120850
1514764804,3,0.902588,-0.210327,-0.115234
1514764804,3,0.893921,-0.217773,-0.110352
1514764804,3,0.884155,-0.226562,-0.107056
1514764804,3,0.869751,-0.237915,-0.098267
1514764804,3,0.861450,-0.237671,-0.095581
1514764804,3,0.855713,-0.234131,-0.093140
1514764804,3,0.850708,-0.232056,-0.093018
1514764804,3,0.838745,-0.222778,-0.089600
1514764804,3,0.832642,-0.219360,-0.089233
1514764804,3,0.832764,-0.214478,-0.089355
1514764804,3,0.829590,-0.209473,-0.086914
1514764804,3,0.828247,-0.199707,-0.087769
1514764804,3,0.827637,-0.194458,-0.087524
1514764804,3,0.826538,-0.188965,-0.089966
1514764804,3,0.827148,-0.181641,-0.091064
1514764804,3,0.832642,-0.175781,-0.097290
1514764804,3,0.838135,-0.173096,-0.100952
1514764804,3,0.839844,-0.170898,-0.100342
1514764804,3,0.841431,-0.169678,-0.102661
1514764804,3,0.843384,-0.165771,-0.106812
1514764804,3,0.846191,-0.165649,-0.109131
1514764804,3,0.846069,-0.163940,-0.111084
1514764804,3,0.845825,-0.164795,-0.109985
1514764804,3,0.849121,-0.171387,-0.110229
1514764804,3,0.849609,-0.180664,-0.107422
1514764804,3,0.859863,-0.195435,-0.100098
1514764804,3,0.864624,-0.207153,-0.098145
1514764804,3,0.883789,-0.225464,-0.098267
1514764804,3,0.894897,-0.231689,-0.097656
1514764804,3,0.905396,-0.234985,-0.098755
1514764804,3,0.911255,-0.233154,-0.102173
1514764804,3,0.919800,-0.237061,-0.109985
1514764804,3,0.919067,-0.236450,-0.116821
1514764804,3,0.918823,-0.236450,-0.114014
1514764804,3,0.919800,-0.233521,-0.119385
1514764804,3,0.936646,-0.239136,-0.131714
1514764804,3,0.937744,-0.234131,-0.136719
1514764804,3,0.937622,-0.228027,-0.138184
1514764804,3,0.937988,-0.225952,-0.139893
1514764804,3,0.933472,-0.221191,-0.140991
1514764804,3,0.931030,-0.217529,-0.139404
1514764804,3,0.930054,-0.215454,-0.134521
1514764804,3,0.926392,-0.211548,-0.133789
1514764804,3,0.927124,-0.205444,-0.125122
1514764804,3,0.927856,-0.204590,-0.120239
1514764804,3,0.927124,-0.208252,-0.114868
1514764804,3,0.924683,-0.208008,-0.110596
1514764804,3,0.913818,-0.207031,-0.093872
1514764804,3,0.908203,-0.209717,-0.086914
1514764804,3,0.904175,-0.209961,-0.080200
1514764804,3,0.903931,-0.219604,-0.071899
1514764804,3,0.902222,-0.239258,-0.055176
1514764804,3,0.901978,-0.251221,-0.050781
1514764804,3,0.906128,-0.263916,-0.045044
1514764804,3,0.910400,-0.268433,-0.043457
1514764804,3,0.925415,-0.272095,-0.045410
1514764804,3,0.935425,-0.271851,-0.045410
1514764804,3,0.944946,-0.270264,-0.047974
1514764804,3,0.953247,-0.267822,-0.050171
1514764804,3,0.977905,-0.265625,-0.056885
1514764804,3,0.995483,-0.265015,-0.059937
1514764804,3,1.010498,-0.261841,-0.063110
1514764804,3,1.029907,-0.259888,-0.064819
1514764804,3,1.057983,-0.253296,-0.060425
1514764804,3,1.072632,-0.249268,-0.060425
1514764804,3,1.076782,-0.243652,-0.063110
1514764804,3,1.080566,-0.239380,-0.060547
1514764804,3,1.093262,-0.238281,-0.051270
1514764804,3,1.104980,-0.233643,-0.039551
1514764804,3,1.119507,-0.233276,-0.036133
1514764804,3,1.135498,-0.229980,-0.033081
1514764804,3,1.183105,-0.225830,-0.036255
1514764804,3,1.209595,-0.222412,-0.045532
1514764804,3,1.241577,-0.220825,-0.054443
1514764804,3,1.280518,-0.213745,-0.065918
1514764804,3,1.380493,-0.209473,-0.106445
1514764804,3,1.427124,-0.206177,-0.125854
1514764804,3,1.472656,-0.207397,-0.147705
1514764804,3,1.513794,-0.208374,-0.170166
1514764804,3,1.577026,-0.210693,-0.201782
1514764804,3,1.598999,-0.213257,-0.217285
1514764804,3,1.620483,-0.214600,-0.215454
1514764804,3,1.640381,-0.210938,-0.218262
1514764804,3,1.655884,-0.207275,-0.211426
1514764804,3,1.658569,-0.208984,-0.199341
1514764804,3,1.649902,-0.214355,-0.177979
1514764804,3,1.631592,-0.216553,-0.148560
1514764804,3,1.531006,-0.219360,-0.070435
1514764804,3,1.459961,-0.216431,-0.031494
1514764804,3,1.378052,-0.213135,0.010376
1514764804,3,1.292847,-0.206787,0.044678
1514764804,3,1.133911,-0.195923,0.108521
1514764804,3,1.066284,-0.191528,0.134644
1514764804,3,1.009766,-0.189209,0.159424
1514764804,3,0.944702,-0.187012,0.177002
1514764804,3,0.814087,-0.168579,0.225464
1514764804,3,0.780884,-0.168335,0.232422
1514764804,3,0.754639,-0.166016,0.241821
1514764804,3,0.736450,-0.160400,0.245850
1514764804,3,0.720947,-0.153198,0.254517
1514764804,3,0.713257,-0.145508,0.251465
1514764804,3,0.716553,-0.140015,0.243164
1514764804,3,0.718140,-0.134277,0.235229
1514764804,3,0.724609,-0.128540,0.216187
1514764804,3,0.731567,-0.126587,0.206665
1514764804,3,0.741699,-0.132080,0.197510
1514764804,3,0.753784,-0.133057,0.184082
1514764804,3,0.780396,-0.140259,0.156372
1514764804,3,0.797119,-0.143799,0.142334
1514764804,3,0.812866,-0.148315,0.127197
1514764804,3,0.827271,-0.154785,0.109985
1514764804,3,0.869507,-0.167603,0.068970
1514764804,3,0.892334,-0.170898,0.049927
1514764804,3,0.918945,-0.175293,0.027954
1514764804,3,0.944702,-0.175903,0.001221
1514764804,3,0.993286,-0.172607,-0.042847
1514764804,3,1.015381,-0.169312,-0.066772
1514764804,3,1.033325,-0.166382,-0.089478
1514764804,3,1.050293,-0.166382,-0.108643
1514764804,3,1.062988,-0.152954,-0.136963
1514764804,3,1.060059,-0.141846,-0.147949
1514764804,3,1.059448,-0.131226,-0.154907
1514764804,3,1.054077,-0.118530,-0.159424
1514764804,3,1.042725,-0.096436,-0.159424
1514764804,3,1.037598,-0.088623,-0.155151
1514764804,3,1.031738,-0.077637,-0.153687
1514764804,3,1.028931,-0.071045,-0.142822
1514764804,3,1.010132,-0.050415,-0.117676
1514764804,3,0.990845,-0.041138,-0.096313
1514764804,3,0.987915,-0.036987,-0.077393
1514764804,3,0.967773,-0.027466,-0.051514
1514764804,3,0.935669,-0.035278,-0.001587
1514764804,3,0.916870,-0.039795,0.028076
1514764804,3,0.900757,-0.056763,0.056274
1514764804,3,0.888550,-0.069580,0.087402
1514764804,3,0.865845,-0.090942,0.114624
1514764804,3,0.857422,-0.122314,0.137451
1514764804,3,0.849365,-0.134521,0.153809
1514764804,3,0.833252,-0.137573,0.166748
1514764804,3,0.817383,-0.130493,0.180420
1514764804,3,0.806641,-0.132080,0.186279
1514764804,3,0.799194,-0.133911,0.189087
1514764804,3,0.794067,-0.140137,0.191528
1514764804,3,0.781616,-0.141846,0.190308
1514764804,3,0.774414,-0.139160,0.186646
1514764804,3,0.767090,-0.143433,0.182373
1514764804,3,0.763428,-0.151733,0.177246
1514764804,3,0.776245,-0.187134,0.173828
1514764804,3,0.784424,-0.209351,0.174683
1514764804,3,0.793335,-0.223755,0.177490
1514764804,3,0.802124,-0.237183,0.177368
1514764804,3,0.819092,-0.250610,0.169067
1514764804,3,0.834351,-0.260376,0.163452
1514764804,3,0.843384,-0.267822,0.159546
1514764804,3,0.853149,-0.276978,0.155884
1514764804,3,0.871338,-0.298584,0.141235
1514764804,3,0.875977,-0.305542,0.131104
1514764804,3,0.882080,-0.308350,0.123169
1514764804,3,0.881348,-0.306152,0.119507
1514764804,3,0.887939,-0.305176,0.110718
1514764804,3,0.891479,-0.300537,0.108276
1514764804,3,0.894409,-0.299683,0.103760
1514764804,3,0.898804,-0.294800,0.097656
1514764804,3,0.911499,-0.277588,0.085205
1514764804,3,0.917236,-0.265991,0.082031
1514764804,3,0.925659,-0.256592,0.075439
1514764804,3,0.934448,-0.244995,0.076050
1514764804,3,0.951660,-0.232666,0.077026
1514764804,3,0.964722,-0.223389,0.080444
1514764804,3,0.970825,-0.216064,0.081177
1514764804,3,0.977905,-0.207520,0.082153
1514764804,3,0.986206,-0.186768,0.090942
1514764804,3,0.989380,-0.179565,0.092773
1514764804,3,0.994751,-0.168091,0.095581
1514764804,3,1.003418,-0.161011,0.099731
1514764804,3,1.022217,-0.147095,0.104614
1514764804,3,1.025024,-0.141235,0.106934
1514764804,3,1.032593,-0.134399,0.107178
1514764804,3,1.041870,-0.130859,0.110352
1514764804,3,1.060303,-0.118896,0.112305
1514764804,3,1.070801,-0.110352,0.112305
1514764805,3,1.079590,-0.107910,0.111084
1514764805,3,1.085449,-0.102173,0.111816
1514764805,3,1.091187,-0.103760,0.114746
1514764805,3,1.094116,-0.105347,0.109863
1514764805,3,1.092041,-0.108765,0.106323
1514764805,3,1.093140,-0.111084,0.104248
1514764805,3,1.087646,-0.105469,0.099243
1514764805,3,1.073364,-0.104370,0.090576
1514764805,3,1.072266,-0.108765,0.080688
1514764805,3,1.069702,-0.115234,0.075073
1514764805,3,1.080200,-0.118896,0.056396
1514764805,3,1.085571,-0.124634,0.051392
1514764805,3,1.094971,-0.132690,0.042358
1514764805,3,1.104980,-0.138184,0.031494
1514764805,3,1.124512,-0.148804,0.009521
1514764805,3,1.135864,-0.155273,-0.000854
1514764805,3,1.151611,-0.159668,-0.012695
1514764805,3,1.169800,-0.161865,-0.024536
1514764805,3,1.221191,-0.165405,-0.045898
1514764805,3,1.255005,-0.167236,-0.058594
1514764805,3,1.288818,-0.171143,-0.071655
1514764805,3,1.323364,-0.176392,-0.081665
1514764805,3,1.406372,-0.183594,-0.098389
1514764805,3,1.441528,-0.183228,-0.108887
1514764805,3,1.471069,-0.186035,-0.122192
1514764805,3,1.498657,-0.184814,-0.133179
1514764805,3,1.529541,-0.189941,-0.157837
1514764805,3,1.534546,-0.189087,-0.167969
1514764805,3,1.532227,-0.188232,-0.176880
1514764805,3,1.528320,-0.184448,-0.177979
1514764805,3,1.510132,-0.179199,-0.189575
1514764805,3,1.497070,-0.174683,-0.192139
1514764805,3,1.478638,-0.175171,-0.193970
1514764805,3,1.452881,-0.177124,-0.199463
1514764805,3,1.393555,-0.175659,-0.200317
1514764805,3,1.364502,-0.169312,-0.201538
1514764805,3,1.331299,-0.166138,-0.199341
1514764805,3,1.307373,-0.162842,-0.200562
1514764805,3,1.259399,-0.148438,-0.199463
1514764805,3,1.244141,-0.138672,-0.203369
1514764805,3,1.239258,-0.129883,-0.208374
1514764805,3,1.238159,-0.118530,-0.214478
1514764805,3,1.252563,-0.103882,-0.222046
1514764805,3,1.266235,-0.092651,-0.227783
1514764805,3,1.284180,-0.085693,-0.235596
1514764805,3,1.300171,-0.077393,-0.246826
1514764805,3,1.327148,-0.050903,-0.257935
1514764805,3,1.334595,-0.037476,-0.262451
1514764805,3,1.339111,-0.026733,-0.263550
1514764805,3,1.334473,-0.018311,-0.268188
1514764805,3,1.339600,-0.008301,-0.265381
1514764805,3,1.336914,-0.009155,-0.253418
1514764805,3,1.323486,-0.021606,-0.244385
1514764805,3,1.304077,-0.047485,-0.226318
1514764805,3,1.265625,-0.121704,-0.179932
1514764805,3,1.245483,-0.143555,-0.165527
1514764805,3,1.226318,-0.162964,-0.155640
1514764805,3,1.208130,-0.170288,-0.148315
1514764805,3,1.178467,-0.174805,-0.153320
1514764805,3,1.166382,-0.168457,-0.156738
1514764805,3,1.157715,-0.169067,-0.165161
1514764805,3,1.160278,-0.174805,-0.183228
1514764805,3,1.177490,-0.191772,-0.223511
1514764805,3,1.182495,-0.196289,-0.237915
1514764805,3,1.183960,-0.194946,-0.249878
1514764805,3,1.169067,-0.189941,-0.269043
1514764805,3,1.137329,-0.166138,-0.282837
1514764805,3,1.117310,-0.146118,-0.288574
1514764805,3,1.090088,-0.126953,-0.287964
1514764805,3,1.069580,-0.103516,-0.285400
1514764805,3,1.010254,-0.055664,-0.286621
1514764805,3,0.983276,-0.033691,-0.282837
1514764805,3,0.958740,-0.017700,-0.275635
1514764805,3,0.938232,-0.003174,-0.266602
1514764805,3,0.906128,0.014771,-0.249878
1514764805,3,0.897949,0.013916,-0.244507
1514764805,3,0.892944,0.020508,-0.234741
1514764805,3,0.893066,0.024536,-0.231689
1514764805,3,0.900024,0.042725,-0.220703
1514764805,3,0.902954,0.049316,-0.214355
1514764805,3,0.903442,0.052368,-0.206543
1514764805,3,0.896729,0.049683,-0.200562
1514764805,3,0.884033,0.053833,-0.185791
1514764805,3,0.874634,0.049072,-0.182373
1514764805,3,0.863770,0.040527,-0.176025
1514764805,3,0.852173,0.029053,-0.168335
1514764805,3,0.827759,0.004883,-0.152344
1514764805,3,0.813721,-0.003052,-0.146362
1514764805,3,0.801392,-0.008179,-0.141602
1514764805,3,0.790161,-0.014282,-0.137085
1514764805,3,0.756958,-0.026123,-0.130127
1514764805,3,0.726929,-0.049194,-0.115112
1514764805,3,0.721558,-0.057495,-0.105225
1514764805,3,0.717041,-0.072632,-0.099976
1514764805,3,0.728760,-0.096436,-0.094360
1514764805,3,0.734009,-0.107300,-0.092773
1514764805,3,0.738403,-0.121826,-0.092163
1514764805,3,0.739624,-0.133911,-0.085205
1514764805,3,0.739258,-0.170166,-0.070312
1514764805,3,0.740967,-0.185791,-0.065063
1514764805,3,0.742310,-0.199707,-0.061401
1514764805,3,0.743164,-0.208252,-0.056519
1514764805,3,0.742310,-0.223022,-0.052124
1514764805,3,0.741333,-0.231934,-0.049438
1514764805,3,0.745605,-0.240356,-0.049438
1514764805,3,0.750244,-0.242676,-0.051147
1514764805,3,0.758179,-0.248535,-0.050415
1514764805,3,0.760376,-0.251343,-0.049072
1514764805,3,0.766357,-0.252808,-0.049316
1514764805,3,0.769531,-0.254395,-0.051758
1514764805,3,0.779053,-0.263306,-0.054810
1514764805,3,0.789795,-0.269775,-0.056885
1514764805,3,0.799927,-0.274780,-0.057861
1514764805,3,0.814819,-0.283081,-0.055664
1514764805,3,0.861450,-0.300903,-0.054077
1514764805,3,0.885986,-0.310669,-0.045288
1514764805,3,0.902710,-0.317749,-0.037842
1514764805,3,0.920288,-0.328735,-0.028809
1514764805,3,0.957397,-0.354980,-0.008545
1514764805,3,0.976807,-0.375732,0.002319
1514764805,3,1.001221,-0.399780,0.016968
1514764805,3,1.023804,-0.420776,0.023804
1514764805,3,1.064819,-0.449707,0.040405
1514764805,3,1.093506,-0.464722,0.046997
1514764805,3,1.104126,-0.473145,0.048218
1514764805,3,1.119141,-0.479370,0.052368
1514764805,3,1.143066,-0.480957,0.056152
1514764805,3,1.151978,-0.481201,0.056274
1514764805,3,1.158936,-0.478027,0.056641
1514764805,3,1.166748,-0.477783,0.052002
1514764805,3,1.171387,-0.461792,0.045898
1514764805,3,1.176025,-0.449463,0.044067
1514764805,3,1.179810,-0.438599,0.042114
1514764805,3,1.182739,-0.427979,0.038696
1514764805,3,1.189453,-0.416138,0.045532
1514764805,3,1.190186,-0.412109,0.054932
1514764805,3,1.192261,-0.411133,0.061523
1514764805,3,1.192871,-0.408203,0.067383
1514764805,3,1.187500,-0.402466,0.087280
1514764805,3,1.182617,-0.405762,0.099976
1514764805,3,1.175537,-0.406250,0.110474
1514764805,3,1.169922,-0.415527,0.123169
1514764805,3,1.158081,-0.429443,0.135864
1514764805,3,1.153320,-0.429321,0.142212
1514764805,3,1.148926,-0.431763,0.143066
1514764805,3,1.140747,-0.427124,0.142456
1514764805,3,1.120117,-0.431030,0.143799
1514764805,3,1.108521,-0.430542,0.145508
1514764805,3,1.099854,-0.432251,0.146362
1514764805,3,1.087769,-0.433838,0.146240
1514764805,3,1.070679,-0.451050,0.143433
1514764805,3,1.061768,-0.458252,0.145996
1514764805,3,1.052612,-0.461426,0.147949
1514764805,3,1.046875,-0.468018,0.145508
1514764805,3,1.034058,-0.476929,0.142456
1514764805,3,1.029785,-0.481934,0.141724
1514764805,3,1.023682,-0.481812,0.136841
1514764805,3,1.016357,-0.484131,0.133667
1514764805,3,1.001587,-0.483276,0.133789
1514764805,3,0.996216,-0.492920,0.137939
1514764805,3,0.988647,-0.500122,0.142212
1514764805,3,0.981812,-0.509644,0.145630
1514764805,3,0.973022,-0.517822,0.150024
1514764805,3,0.971436,-0.523682,0.153687
1514764805,3,0.967163,-0.521973,0.157837
1514764805,3,0.961670,-0.525146,0.159668
1514764805,3,0.948364,-0.522217,0.167725
1514764805,3,0.940918,-0.519165,0.168213
1514764805,3,0.936157,-0.514282,0.169067
1514764805,3,0.938110,-0.509644,0.170044
1514764805,3,0.925659,-0.498047,0.164795
1514764805,3,0.923584,-0.495972,0.165649
1514764805,3,0.919434,-0.488159,0.165161
1514764805,3,0.923096,-0.484741,0.168823
1514764805,3,0.909180,-0.470581,0.170532
1514764805,3,0.912842,-0.472168,0.170654
1514764805,3,0.906982,-0.475708,0.171631
1514764805,3,0.904419,-0.471069,0.176880
1514764805,3,0.900879,-0.460327,0.177612
1514764805,3,0.909180,-0.458984,0.175293
1514764805,3,0.905518,-0.452026,0.181885
1514764805,3,0.908569,-0.451782,0.183472
1514764805,3,0.905762,-0.451416,0.190552
1514764805,3,0.903564,-0.449219,0.195190
1514764805,3,0.909058,-0.444336,0.197388
1514764805,3,0.913452,-0.440186,0.198730
1514764805,3,0.924561,-0.429077,0.199951
1514764805,3,0.925171,-0.431885,0.205688
1514764805,3,0.918945,-0.430298,0.209595
1514764805,3,0.918457,-0.428345,0.217285
1514764805,3,0.909790,-0.425171,0.221680
1514764805,3,0.907837,-0.428101,0.222900
1514764805,3,0.905640,-0.426758,0.227295
1514764805,3,0.904419,-0.427246,0.230591
1514764805,3,0.897583,-0.415894,0.238159
1514764805,3,0.894043,-0.410767,0.246094
1514764805,3,0.887207,-0.408203,0.252930
1514764805,3,0.879761,-0.403564,0.256592
1514764805,3,0.865479,-0.397949,0.250977
1514764806,3,0.858765,-0.399048,0.244629
1514764806,3,0.850708,-0.398804,0.241577
1514764806,3,0.846680,-0.399048,0.240234
1514764806,3,0.829468,-0.406128,0.248169
1514764806,3,0.826538,-0.410034,0.250366
1514764806,3,0.828613,-0.410400,0.253906
1514764806,3,0.831909,-0.414795,0.264038
1514764806,3,0.838013,-0.429810,0.290527
1514764806,3,0.839355,-0.428345,0.309326
1514764806,3,0.837769,-0.428833,0.322266
1514764806,3,0.842285,-0.434448,0.333984
1514764806,3,0.839478,-0.451904,0.372803
1514764806,3,0.844482,-0.459106,0.381592
1514764806,3,0.844238,-0.463989,0.393921
1514764806,3,0.841797,-0.467896,0.400269
1514764806,3,0.829346,-0.470215,0.406860
1514764806,3,0.827515,-0.474609,0.404297
1514764806,3,0.818848,-0.480713,0.408813
1514764806,3,0.812012,-0.483032,0.412231
1514764806,3,0.807983,-0.492432,0.418579
1514764806,3,0.806030,-0.490112,0.418823
1514764806,3,0.803833,-0.486206,0.415283
1514764806,3,0.795166,-0.484375,0.414917
1514764806,3,0.784912,-0.488892,0.414429
1514764806,3,0.781006,-0.502686,0.417480
1514764806,3,0.775757,-0.517090,0.424927
1514764806,3,0.769409,-0.526367,0.432983
1514764806,3,0.768433,-0.541260,0.457886
1514764806,3,0.763306,-0.539551,0.469727
1514764806,3,0.761230,-0.543091,0.484497
1514764806,3,0.756958,-0.548096,0.498657
1514764806,3,0.758545,-0.559937,0.528320
1514764806,3,0.764282,-0.566284,0.547485
1514764806,3,0.770386,-0.574097,0.561035
1514764806,3,0.780273,-0.573242,0.571655
1514764806,3,0.795410,-0.573853,0.588989
1514764806,3,0.801636,-0.569824,0.596313
1514764806,3,0.802368,-0.572510,0.602661
1514764806,3,0.806274,-0.578613,0.605957
1514764806,3,0.815186,-0.586914,0.608887
1514764806,3,0.826782,-0.587769,0.608765
1514764806,3,0.840454,-0.583984,0.614624
1514764806,3,0.842896,-0.580566,0.607544
1514764806,3,0.841675,-0.572998,0.608398
1514764806,3,0.838989,-0.572266,0.614502
1514764806,3,0.844727,-0.573242,0.622925
1514764806,3,0.858887,-0.571533,0.624268
1514764806,3,0.885132,-0.567993,0.633911
1514764806,3,0.896851,-0.566162,0.642456
1514764806,3,0.902588,-0.567993,0.654297
1514764806,3,0.908936,-0.568970,0.667725
1514764806,3,0.910034,-0.571655,0.691772
1514764806,3,0.904297,-0.563843,0.705811
1514764806,3,0.896118,-0.552734,0.719482
1514764806,3,0.889648,-0.542358,0.735107
1514764806,3,0.885376,-0.538330,0.757080
1514764806,3,0.883911,-0.539795,0.761719
1514764806,3,0.880981,-0.541504,0.763672
1514764806,3,0.873779,-0.547485,0.767944
1514764806,3,0.866699,-0.555176,0.775635
1514764806,3,0.861572,-0.552856,0.774536
1514764806,3,0.845215,-0.543213,0.769653
1514764806,3,0.848755,-0.551392,0.768799
1514764806,3,0.846680,-0.559326,0.744995
1514764806,3,0.852295,-0.567017,0.732666
1514764806,3,0.854248,-0.575562,0.727295
1514764806,3,0.859619,-0.587036,0.724121
1514764806,3,0.870361,-0.613281,0.719360
1514764806,3,0.889771,-0.614746,0.708374
1514764806,3,0.858398,-0.622803,0.705811
1514764806,3,0.849854,-0.612305,0.689819
1514764806,3,0.843384,-0.593628,0.669312
1514764806,3,0.837280,-0.590454,0.663086
1514764806,3,0.831177,-0.582275,0.657959
1514764806,3,0.822266,-0.568481,0.652466
1514764806,3,0.800537,-0.530273,0.638794
1514764806,3,0.794922,-0.497681,0.628418
1514764806,3,0.790039,-0.482544,0.624634
1514764806,3,0.781006,-0.469604,0.624878
1514764806,3,0.754761,-0.461182,0.657349
1514764806,3,0.742065,-0.469360,0.663940
1514764806,3,0.754150,-0.465210,0.677124
1514764806,3,0.768433,-0.473511,0.680054
1514764806,3,0.787598,-0.501343,0.680054
1514764806,3,0.781006,-0.500610,0.670166
1514764806,3,0.774414,-0.494019,0.661865
1514764806,3,0.766968,-0.479614,0.650635
1514764806,3,0.741211,-0.456177,0.635864
1514764806,3,0.735107,-0.442383,0.626343
1514764806,3,0.738159,-0.442749,0.622070
1514764806,3,0.739990,-0.443726,0.624878
1514764806,3,0.726074,-0.460449,0.626221
1514764806,3,0.728394,-0.470581,0.617798
1514764806,3,0.726929,-0.469360,0.618164
1514764806,3,0.720337,-0.468628,0.618164
1514764806,3,0.721191,-0.476807,0.613037
1514764806,3,0.723877,-0.478149,0.604858
1514764806,3,0.724243,-0.474243,0.604248
1514764806,3,0.726685,-0.493164,0.604126
1514764806,3,0.730835,-0.508789,0.613647
1514764806,3,0.740601,-0.521729,0.607056
1514764806,3,0.756226,-0.528076,0.589844
1514764806,3,0.767700,-0.515259,0.580688
1514764806,3,0.794800,-0.520996,0.561157
1514764806,3,0.800781,-0.531372,0.552734
1514764806,3,0.804688,-0.532837,0.540894
1514764806,3,0.803833,-0.526245,0.526611
1514764806,3,0.804321,-0.508667,0.504761
1514764806,3,0.802124,-0.504517,0.497681
1514764806,3,0.799072,-0.496094,0.484131
1514764806,3,0.790894,-0.485352,0.470337
1514764806,3,0.761841,-0.449341,0.443237
1514764806,3,0.742310,-0.433228,0.440796
1514764806,3,0.729126,-0.422119,0.429077
1514764806,3,0.713989,-0.412964,0.415771
1514764806,3,0.687622,-0.396240,0.392700
1514764806,3,0.672852,-0.398560,0.386230
1514764806,3,0.661743,-0.400024,0.382080
1514764806,3,0.646729,-0.399658,0.381592
1514764806,3,0.607788,-0.398926,0.378784
1514764806,3,0.588989,-0.396484,0.381958
1514764806,3,0.575684,-0.407349,0.394775
1514764806,3,0.565918,-0.422607,0.414673
1514764806,3,0.560913,-0.440186,0.436157
1514764806,3,0.558716,-0.436646,0.445923
1514764806,3,0.559082,-0.427856,0.458008
1514764806,3,0.552246,-0.420044,0.471802
1514764806,3,0.529297,-0.403198,0.485962
1514764806,3,0.531616,-0.394531,0.482422
1514764806,3,0.524414,-0.383057,0.492432
1514764806,3,0.510742,-0.375366,0.498779
1514764806,3,0.477417,-0.371704,0.498413
1514764806,3,0.459595,-0.372925,0.494141
1514764806,3,0.457275,-0.353638,0.493774
1514764806,3,0.440918,-0.348145,0.482178
1514764806,3,0.428345,-0.346313,0.481079
1514764806,3,0.416382,-0.352661,0.488159
1514764806,3,0.409668,-0.351196,0.494507
1514764806,3,0.414062,-0.350830,0.494751
1514764806,3,0.414429,-0.360596,0.501465
1514764806,3,0.406006,-0.368164,0.509644
1514764806,3,0.398315,-0.375854,0.520996
1514764806,3,0.390625,-0.380859,0.533203
1514764806,3,0.382202,-0.361206,0.548096
1514764806,3,0.372437,-0.349121,0.560303
1514764806,3,0.363892,-0.335693,0.574341
1514764806,3,0.360840,-0.325806,0.587646
1514764806,3,0.352783,-0.313843,0.609619
1514764806,3,0.354980,-0.313477,0.619141
1514764806,3,0.354736,-0.316528,0.631958
1514764806,3,0.349609,-0.326782,0.648315
1514764806,3,0.355713,-0.342529,0.677490
1514764806,3,0.359863,-0.345215,0.687500
1514764806,3,0.382324,-0.347656,0.690430
1514764806,3,0.381348,-0.346436,0.699463
1514764806,3,0.374634,-0.368164,0.710449
1514764806,3,0.383301,-0.369629,0.717041
1514764806,3,0.385620,-0.371826,0.719971
1514764806,3,0.386475,-0.368896,0.717041
1514764806,3,0.395020,-0.380249,0.727661
1514764806,3,0.401123,-0.391479,0.739136
1514764806,3,0.406860,-0.398315,0.746582
1514764806,3,0.407227,-0.403442,0.754517
1514764806,3,0.408691,-0.388550,0.767456
1514764806,3,0.406616,-0.384644,0.778931
1514764806,3,0.407593,-0.376953,0.789062
1514764806,3,0.409790,-0.368286,0.798584
1514764806,3,0.413452,-0.355957,0.817505
1514764806,3,0.409668,-0.349609,0.829956
1514764806,3,0.425171,-0.353027,0.839111
1514764806,3,0.433716,-0.357056,0.852661
1514764806,3,0.437988,-0.351440,0.860718
1514764806,3,0.437866,-0.343628,0.859009
1514764806,3,0.435669,-0.331909,0.854370
1514764806,3,0.449219,-0.323242,0.849609
1514764806,3,0.432373,-0.323730,0.870972
1514764806,3,0.438599,-0.325562,0.875000
1514764806,3,0.443359,-0.325684,0.877563
1514764806,3,0.437988,-0.309204,0.882568
1514764806,3,0.432617,-0.298706,0.896240
1514764806,3,0.425293,-0.293945,0.894775
1514764806,3,0.418945,-0.285889,0.889038
1514764806,3,0.409546,-0.279785,0.883667
1514764806,3,0.408813,-0.285034,0.890137
1514764806,3,0.416870,-0.289185,0.893066
1514764806,3,0.418335,-0.288696,0.895874
1514764806,3,0.421143,-0.294922,0.896240
1514764806,3,0.413086,-0.310547,0.903931
1514764806,3,0.405273,-0.317505,0.905884
1514764806,3,0.400146,-0.318604,0.906372
1514764806,3,0.395508,-0.321777,0.903076
1514764806,3,0.380737,-0.319580,0.900024
1514764806,3,0.370972,-0.314819,0.898071
1514764806,3,0.367188,-0.310913,0.893066
1514764806,3,0.362549,-0.309204,0.890869
1514764806,3,0.356079,-0.299805,0.882324
1514764806,3,0.358032,-0.299072,0.877075
1514764806,3,0.349731,-0.294312,0.878662
1514764807,3,0.341309,-0.297241,0.880127
1514764807,3,0.327515,-0.302734,0.893188
1514764807,3,0.323608,-0.294800,0.892456
1514764807,3,0.319580,-0.285400,0.887329
1514764807,3,0.312622,-0.276611,0.882080
1514764807,3,0.300781,-0.278931,0.877319
1514764807,3,0.292480,-0.286377,0.870972
1514764807,3,0.285767,-0.298828,0.861206
1514764807,3,0.281738,-0.316162,0.856934
1514764807,3,0.283447,-0.339478,0.838257
1514764807,3,0.279785,-0.342651,0.835571
1514764807,3,0.284302,-0.349731,0.827148
1514764807,3,0.287964,-0.337158,0.819092
1514764807,3,0.288086,-0.386353,0.825195
1514764807,3,0.260864,-0.376099,0.829224
1514764807,3,0.247681,-0.390015,0.822998
1514764807,3,0.242554,-0.399414,0.831543
1514764807,3,0.208984,-0.364258,0.829834
1514764807,3,0.226685,-0.373535,0.829834
1514764807,3,0.232056,-0.378174,0.816528
1514764807,3,0.237549,-0.385376,0.805786
1514764807,3,0.226318,-0.381836,0.807739
1514764807,3,0.226440,-0.380493,0.807007
1514764807,3,0.230835,-0.382202,0.808350
1514764807,3,0.228149,-0.383179,0.807373
1514764807,3,0.242676,-0.374390,0.795532
1514764807,3,0.242432,-0.369751,0.795898
1514764807,3,0.224365,-0.375977,0.791748
1514764807,3,0.228638,-0.389282,0.790527
1514764807,3,0.238281,-0.413940,0.788086
1514764807,3,0.240845,-0.440552,0.781006
1514764807,3,0.264038,-0.455444,0.801270
1514764807,3,0.281372,-0.461792,0.795532
1514764807,3,0.291138,-0.508423,0.797607
1514764807,3,0.299438,-0.523560,0.795410
1514764807,3,0.299316,-0.529663,0.793701
1514764807,3,0.296021,-0.523560,0.797607
1514764807,3,0.317871,-0.513794,0.786255
1514764807,3,0.326172,-0.524048,0.781006
1514764807,3,0.325439,-0.528687,0.782471
1514764807,3,0.324219,-0.531250,0.774536
1514764807,3,0.337402,-0.528931,0.771606
1514764807,3,0.346436,-0.535645,0.767456
1514764807,3,0.347900,-0.546143,0.762939
1514764807,3,0.348877,-0.555908,0.766357
1514764807,3,0.336792,-0.568604,0.760254
1514764807,3,0.350342,-0.572266,0.753540
1514764807,3,0.379761,-0.595215,0.776001
1514764807,3,0.345459,-0.592896,0.756104
1514764807,3,0.359985,-0.567993,0.744751
1514764807,3,0.363159,-0.581543,0.751221
1514764807,3,0.352051,-0.595581,0.754761
1514764807,3,0.318604,-0.592773,0.757446
1514764807,3,0.371460,-0.595459,0.739624
1514764807,3,0.387207,-0.581787,0.736450
1514764807,3,0.371094,-0.584839,0.734985
1514764807,3,0.365479,-0.589844,0.729126
1514764807,3,0.339844,-0.570801,0.722290
1514764807,3,0.330200,-0.572510,0.714844
1514764807,3,0.332397,-0.575073,0.704712
1514764807,3,0.329712,-0.568237,0.694824
1514764807,3,0.354736,-0.563232,0.693726
1514764807,3,0.351318,-0.580444,0.720215
1514764807,3,0.387817,-0.587402,0.715454
1514764807,3,0.399780,-0.597534,0.728516
1514764807,3,0.405396,-0.611206,0.750488
1514764807,3,0.406006,-0.617432,0.759399
1514764807,3,0.406372,-0.633057,0.765991
1514764807,3,0.410156,-0.652344,0.766479
1514764807,3,0.417725,-0.697754,0.755981
1514764807,3,0.423096,-0.714111,0.749512
1514764807,3,0.432373,-0.727661,0.745239
1514764807,3,0.440308,-0.739502,0.739624
1514764807,3,0.464844,-0.762085,0.725708
1514764807,3,0.485229,-0.763550,0.724731
1514764807,3,0.508545,-0.758667,0.721558
1514764807,3,0.531860,-0.747559,0.716553
1514764807,3,0.591797,-0.712158,0.703491
1514764807,3,0.595581,-0.701172,0.700928
1514764807,3,0.595825,-0.687744,0.696167
1514764807,3,0.591187,-0.674438,0.694946
1514764807,3,0.509766,-0.684937,0.698486
1514764807,3,0.573364,-0.639282,0.699219
1514764807,3,0.573975,-0.644043,0.684448
1514764807,3,0.582520,-0.653809,0.688232
1514764807,3,0.654419,-0.617676,0.677002
1514764807,3,0.615723,-0.652222,0.666870
1514764807,3,0.598267,-0.659790,0.670410
1514764807,3,0.594604,-0.655151,0.665405
1514764807,3,0.565674,-0.656494,0.655884
1514764807,3,0.568604,-0.653076,0.647461
1514764807,3,0.572876,-0.650146,0.638184
1514764807,3,0.574585,-0.649902,0.632812
1514764807,3,0.560181,-0.654541,0.626587
1514764807,3,0.559448,-0.653442,0.615601
1514764807,3,0.548462,-0.631348,0.607788
1514764807,3,0.557495,-0.607788,0.590576
1514764807,3,0.551514,-0.587646,0.577881
1514764807,3,0.547485,-0.579224,0.572632
1514764807,3,0.543091,-0.573120,0.563110
1514764807,3,0.551270,-0.558716,0.550171
1514764807,3,0.526733,-0.576416,0.550293
1514764807,3,0.528564,-0.580078,0.547729
1514764807,3,0.539917,-0.584961,0.548950
1514764807,3,0.551880,-0.593018,0.550415
1514764807,3,0.582153,-0.596680,0.547974
1514764807,3,0.587402,-0.590454,0.543823
1514764807,3,0.604492,-0.582031,0.546875
1514764807,3,0.615479,-0.575439,0.546509
1514764807,3,0.607422,-0.563843,0.530762
1514764807,3,0.620605,-0.539795,0.533813
1514764807,3,0.626587,-0.531006,0.540283
1514764807,3,0.627686,-0.534790,0.538452
1514764807,3,0.622192,-0.526733,0.532227
1514764807,3,0.626221,-0.511841,0.531372
1514764807,3,0.634277,-0.496582,0.531616
1514764807,3,0.633301,-0.482300,0.527100
1514764807,3,0.609619,-0.483887,0.529175
1514764807,3,0.599121,-0.489990,0.534912
1514764807,3,0.591919,-0.489136,0.538940
1514764807,3,0.588867,-0.484497,0.543457
1514764807,3,0.577515,-0.469604,0.544189
1514764807,3,0.579224,-0.466553,0.546265
1514764807,3,0.583008,-0.456909,0.545044
1514764807,3,0.573975,-0.449585,0.540527
1514764807,3,0.556641,-0.439819,0.536255
1514764807,3,0.544312,-0.449219,0.536499
1514764807,3,0.536865,-0.442383,0.531982
1514764807,3,0.533447,-0.438477,0.529663
1514764807,3,0.522827,-0.457153,0.516846
1514764807,3,0.517090,-0.466309,0.517090
1514764807,3,0.505005,-0.471191,0.526611
1514764807,3,0.497070,-0.478271,0.529297
1514764807,3,0.480469,-0.490356,0.537842
1514764807,3,0.473389,-0.493164,0.543579
1514764807,3,0.468384,-0.481445,0.541870
1514764807,3,0.473145,-0.482666,0.541992
1514764807,3,0.437500,-0.462158,0.562134
1514764807,3,0.419434,-0.458740,0.561279
1514764807,3,0.423462,-0.454590,0.549561
1514764807,3,0.435547,-0.466187,0.548096
1514764807,3,0.425659,-0.476318,0.563843
1514764807,3,0.416992,-0.478882,0.566284
1514764807,3,0.402344,-0.478271,0.570679
1514764807,3,0.397949,-0.491089,0.573608
1514764807,3,0.388062,-0.504639,0.590942
1514764807,3,0.383057,-0.509399,0.599243
1514764807,3,0.379761,-0.515381,0.607544
1514764807,3,0.375610,-0.515625,0.612915
1514764807,3,0.366699,-0.523438,0.614502
1514764807,3,0.363892,-0.530518,0.616333
1514764807,3,0.359619,-0.539307,0.616943
1514764807,3,0.356323,-0.548706,0.611694
1514764807,3,0.358032,-0.579712,0.608032
1514764807,3,0.357422,-0.601440,0.609131
1514764807,3,0.354614,-0.608765,0.611206
1514764807,3,0.349487,-0.609863,0.613037
1514764807,3,0.346680,-0.613770,0.619263
1514764807,3,0.341064,-0.611328,0.626831
1514764807,3,0.339844,-0.613159,0.642212
1514764807,3,0.332642,-0.615601,0.653320
1514764807,3,0.333862,-0.621338,0.666016
1514764807,3,0.334229,-0.629761,0.676025
1514764807,3,0.340088,-0.636108,0.686401
1514764807,3,0.343262,-0.644409,0.694702
1514764807,3,0.349121,-0.651123,0.712158
1514764807,3,0.346558,-0.658813,0.717285
1514764807,3,0.351440,-0.670410,0.729492
1514764807,3,0.354858,-0.677490,0.733887
1514764807,3,0.358643,-0.692749,0.749268
1514764807,3,0.359863,-0.697510,0.757446
1514764807,3,0.357178,-0.694214,0.766235
1514764807,3,0.350464,-0.689209,0.770508
1514764807,3,0.343018,-0.659058,0.772095
1514764807,3,0.336914,-0.653931,0.769653
1514764807,3,0.337646,-0.648560,0.767822
1514764807,3,0.334106,-0.640015,0.760254
1514764807,3,0.326782,-0.629028,0.760254
1514764807,3,0.323486,-0.630493,0.757690
1514764807,3,0.318237,-0.631226,0.760742
1514764807,3,0.311523,-0.629883,0.751099
1514764807,3,0.306152,-0.608154,0.727295
1514764807,3,0.297241,-0.618652,0.708618
1514764807,3,0.296997,-0.630005,0.701538
1514764807,3,0.296387,-0.630981,0.698608
1514764807,3,0.285645,-0.652588,0.698486
1514764807,3,0.286011,-0.666504,0.708008
1514764807,3,0.283691,-0.684204,0.715576
1514764807,3,0.284668,-0.693726,0.726807
1514764807,3,0.291748,-0.701416,0.737427
1514764807,3,0.301025,-0.701294,0.736816
1514764807,3,0.300049,-0.701904,0.743286
1514764808,3,0.304810,-0.707275,0.749634
1514764808,3,0.294067,-0.719238,0.759888
1514764808,3,0.284058,-0.725952,0.760376
1514764808,3,0.283447,-0.724854,0.755371
1514764808,3,0.281616,-0.719604,0.745605
1514764808,3,0.279053,-0.715332,0.728882
1514764808,3,0.273804,-0.723877,0.728882
1514764808,3,0.272949,-0.730835,0.732666
1514764808,3,0.269775,-0.735352,0.729248
1514764808,3,0.262329,-0.750610,0.723022
1514764808,3,0.255127,-0.754883,0.719971
1514764808,3,0.255981,-0.754761,0.718384
1514764808,3,0.253784,-0.752808,0.722534
1514764808,3,0.251587,-0.739380,0.742310
1514764808,3,0.254517,-0.733154,0.747925
1514764808,3,0.254517,-0.729248,0.751587
1514764808,3,0.253418,-0.726929,0.758057
1514764808,3,0.246948,-0.739258,0.762451
1514764808,3,0.243408,-0.737183,0.758545
1514764808,3,0.242065,-0.733276,0.749756
1514764808,3,0.241577,-0.720093,0.738647
1514764808,3,0.245117,-0.717041,0.739746
1514764808,3,0.242676,-0.723022,0.739380
1514764808,3,0.240967,-0.724487,0.738892
1514764808,3,0.241821,-0.726074,0.739014
1514764808,3,0.255737,-0.725220,0.741455
1514764808,3,0.260864,-0.723511,0.745239
1514764808,3,0.257812,-0.717041,0.747070
1514764808,3,0.257324,-0.707153,0.749878
1514764808,3,0.259644,-0.685547,0.752441
1514764808,3,0.262939,-0.677856,0.750000
1514764808,3,0.258423,-0.668823,0.746460
1514764808,3,0.252441,-0.665039,0.744019
1514764808,3,0.243652,-0.660034,0.741455
1514764808,3,0.237427,-0.669434,0.739624
1514764808,3,0.234863,-0.672852,0.735229
1514764808,3,0.232910,-0.671387,0.722168
1514764808,3,0.238403,-0.661987,0.712891
1514764808,3,0.242310,-0.659668,0.715576
1514764808,3,0.244873,-0.655762,0.713867
1514764808,3,0.246704,-0.654297,0.713257
1514764808,3,0.254639,-0.658447,0.715576
1514764808,3,0.253052,-0.662842,0.721924
1514764808,3,0.238892,-0.661255,0.725098
1514764808,3,0.243896,-0.663330,0.721924
1514764808,3,0.242920,-0.645874,0.724609
1514764808,3,0.233765,-0.637451,0.725586
1514764808,3,0.231201,-0.627686,0.728882
1514764808,3,0.232910,-0.618164,0.733643
1514764808,3,0.224121,-0.629761,0.740967
1514764808,3,0.234741,-0.627441,0.751587
1514764808,3,0.238647,-0.622803,0.763672
1514764808,3,0.244629,-0.616699,0.774536
1514764808,3,0.261963,-0.605835,0.776123
1514764808,3,0.268066,-0.604736,0.770996
1514764808,3,0.271240,-0.603760,0.776245
1514764808,3,0.271851,-0.596680,0.772095
1514764808,3,0.288330,-0.561279,0.741943
1514764808,3,0.260376,-0.555054,0.750366
1514764808,3,0.253662,-0.560425,0.734985
1514764808,3,0.257812,-0.557861,0.737427
1514764808,3,0.233765,-0.540649,0.732056
1514764808,3,0.222290,-0.541016,0.736694
1514764808,3,0.221558,-0.542114,0.735718
1514764808,3,0.213257,-0.541748,0.734375
1514764808,3,0.192993,-0.531738,0.728271
1514764808,3,0.196533,-0.513794,0.722290
1514764808,3,0.193726,-0.502930,0.731567
1514764808,3,0.186279,-0.483765,0.731812
1514764808,3,0.178589,-0.477417,0.729614
1514764808,3,0.179688,-0.487793,0.733398
1514764808,3,0.179321,-0.492065,0.730835
1514764808,3,0.172485,-0.493774,0.716309
1514764808,3,0.155029,-0.518311,0.709229
1514764808,3,0.140259,-0.534668,0.709839
1514764808,3,0.133057,-0.544312,0.714111
1514764808,3,0.118530,-0.556274,0.723877
1514764808,3,0.104248,-0.552979,0.729614
1514764808,3,0.093628,-0.545166,0.733398
1514764808,3,0.088013,-0.530029,0.741577
1514764808,3,0.084106,-0.520996,0.755249
1514764808,3,0.062500,-0.493164,0.770386
1514764808,3,0.055664,-0.490845,0.778809
1514764808,3,0.047363,-0.490234,0.782349
1514764808,3,0.041748,-0.504517,0.782837
1514764808,3,0.040039,-0.541260,0.777344
1514764808,3,0.040527,-0.548462,0.771851
1514764808,3,0.037842,-0.543457,0.761963
1514764808,3,0.037476,-0.531250,0.752686
1514764808,3,0.071655,-0.544556,0.658203
1514764808,3,0.096558,-0.410889,0.773193
1514764808,3,0.088501,-0.488770,0.760620
1514764808,3,-0.014038,-0.422729,0.741333
1514764808,3,0.656982,-0.187378,0.452881
1514764808,3,0.486572,-0.300049,0.958130
1514764808,3,-0.449585,-0.426880,0.784668
1514764808,3,-0.386719,-0.578125,0.764526
1514764808,3,0.083862,-0.402344,0.873901
1514764808,3,0.003296,-0.283203,0.821899
1514764808,3,0.004517,-0.288208,0.836792
1514764808,3,-0.008301,-0.290405,0.885864
1514764808,3,0.029419,-0.183228,1.129761
1514764808,3,0.066528,-0.205811,1.073853
1514764808,3,0.068359,-0.306152,1.002319
1514764808,3,0.116699,-0.433838,0.911499
1514764808,3,0.021240,-0.573730,0.819336
1514764808,3,-0.068970,-0.607300,0.757935
1514764808,3,-0.119263,-0.636963,0.708496
1514764808,3,-0.128906,-0.672241,0.706421
1514764808,3,-0.105591,-0.770142,0.770142
1514764808,3,-0.087280,-0.757568,0.725586
1514764808,3,-0.109985,-0.699341,0.690063
1514764808,3,-0.133301,-0.571167,0.707275
1514764808,3,-0.147339,-0.448120,0.651367
1514764808,3,-0.183838,-0.462646,0.637451
1514764808,3,-0.171753,-0.496704,0.672241
1514764808,3,-0.128784,-0.523926,0.675537
1514764808,3,-0.116455,-0.617554,0.708008
1514764808,3,-0.118652,-0.659546,0.761841
1514764808,3,-0.120605,-0.677490,0.818115
1514764808,3,-0.130737,-0.666626,0.851074
1514764808,3,-0.125366,-0.563721,0.903931
1514764808,3,-0.127075,-0.521484,0.911743
1514764808,3,-0.133423,-0.496948,0.911133
1514764808,3,-0.145386,-0.505127,0.901245
1514764808,3,-0.135498,-0.565552,0.844360
1514764808,3,-0.144409,-0.614258,0.815308
1514764808,3,-0.145630,-0.688599,0.782959
1514764808,3,-0.180298,-0.782471,0.764526
1514764808,3,-0.162964,-0.968262,0.741089
1514764808,3,-0.160034,-0.975952,0.741089
1514764808,3,-0.178345,-0.913696,0.761353
1514764808,3,-0.210083,-0.780518,0.776978
1514764808,3,-0.253418,-0.598511,0.787109
1514764808,3,-0.264526,-0.595581,0.785034
1514764808,3,-0.252686,-0.642578,0.781738
1514764808,3,-0.213013,-0.688354,0.780029
1514764808,3,-0.177124,-0.713135,0.770264
1514764808,3,-0.182007,-0.706299,0.771606
1514764808,3,-0.185059,-0.693115,0.773071
1514764808,3,-0.198608,-0.680420,0.777466
1514764808,3,-0.232422,-0.627075,0.797485
1514764808,3,-0.243286,-0.586792,0.794800
1514764808,3,-0.250610,-0.546387,0.784790
1514764808,3,-0.253296,-0.522339,0.780884
1514764808,3,-0.241089,-0.490601,0.765625
1514764808,3,-0.229736,-0.475220,0.763184
1514764808,3,-0.218506,-0.457642,0.760498
1514764808,3,-0.207520,-0.436890,0.759399
1514764808,3,-0.203125,-0.435181,0.769897
1514764808,3,-0.200073,-0.470947,0.777588
1514764808,3,-0.195801,-0.510620,0.790649
1514764808,3,-0.184570,-0.554199,0.799561
1514764808,3,-0.139160,-0.626831,0.809326
1514764808,3,-0.126221,-0.658325,0.815186
1514764808,3,-0.116699,-0.686279,0.816772
1514764808,3,-0.123901,-0.725708,0.822998
1514764808,3,-0.130005,-0.821655,0.814331
1514764808,3,-0.143921,-0.856567,0.796509
1514764808,3,-0.161743,-0.875732,0.780151
1514764808,3,-0.174072,-0.868042,0.774658
1514764808,3,-0.196777,-0.846680,0.769409
1514764808,3,-0.188110,-0.813721,0.771973
1514764808,3,-0.181030,-0.765381,0.775757
1514764808,3,-0.184326,-0.715332,0.781372
1514764808,3,-0.189941,-0.658325,0.799561
1514764808,3,-0.180176,-0.649048,0.807739
1514764808,3,-0.170166,-0.628052,0.811523
1514764808,3,-0.155640,-0.590576,0.815796
1514764808,3,-0.142090,-0.481323,0.810181
1514764808,3,-0.143555,-0.442627,0.798950
1514764808,3,-0.143311,-0.421997,0.785278
1514764808,3,-0.148560,-0.430908,0.763916
1514764808,3,-0.160278,-0.484009,0.736450
1514764808,3,-0.155396,-0.493164,0.714844
1514764808,3,-0.127808,-0.472168,0.654053
1514764808,3,-0.134399,-0.465698,0.630005
1514764808,3,-0.146484,-0.456543,0.656860
1514764808,3,-0.115356,-0.507324,0.663940
1514764808,3,-0.130981,-0.509521,0.670044
1514764808,3,-0.123535,-0.504395,0.681885
1514764808,3,-0.146362,-0.440430,0.732178
1514764808,3,-0.126587,-0.435791,0.765137
1514764808,3,-0.120483,-0.435669,0.796509
1514764808,3,-0.109131,-0.461914,0.824463
1514764808,3,-0.107178,-0.527588,0.873779
1514764808,3,-0.105713,-0.575684,0.890625
1514764808,3,-0.104370,-0.647095,0.904053
1514764808,3,-0.104004,-0.723022,0.924072
1514764808,3,-0.085571,-0.816406,0.954346
1514764808,3,-0.084351,-0.810303,0.960938
1514764808,3,-0.109619,-0.780762,0.976196
1514764808,3,-0.092163,-0.734619,0.959961
1514764808,3,-0.132812,-0.692993,0.896606
1514764808,3,-0.160767,-0.696411,0.883911
1514764808,3,-0.144775,-0.656860,0.840576
1514764808,3,-0.156860,-0.606812,0.801636
1514764808,3,-0.193970,-0.529175,0.765991
1514764808,3,-0.181396,-0.484375,0.737671
1514764808,3,-0.211670,-0.469971,0.734131
1514764808,3,-0.212891,-0.469971,0.728516
1514764808,3,-0.149902,-0.511230,0.689453
1514764808,3,-0.168823,-0.590942,0.697021
1514764809,3,-0.179810,-0.636230,0.720581
1514764809,3,-0.168823,-0.648560,0.743286
1514764809,3,-0.139771,-0.620361,0.762573
1514764809,3,-0.136353,-0.600952,0.756470
1514764809,3,-0.148438,-0.599976,0.745483
1514764809,3,-0.166504,-0.625000,0.740112
1514764809,3,-0.172241,-0.672241,0.773438
1514764809,3,-0.156250,-0.671021,0.800537
1514764809,3,-0.137451,-0.643921,0.817749
1514764809,3,-0.123413,-0.618164,0.827881
1514764809,3,-0.156738,-0.619751,0.863037
1514764809,3,-0.159424,-0.622559,0.842407
1514764809,3,-0.169189,-0.627197,0.835571
1514764809,3,-0.177002,-0.635498,0.825806
1514764809,3,-0.153564,-0.634155,0.801392
1514764809,3,-0.172485,-0.631836,0.808228
1514764809,3,-0.183228,-0.633057,0.802612
1514764809,3,-0.175903,-0.641968,0.805908
1514764809,3,-0.156860,-0.714233,0.792725
1514764809,3,-0.126221,-0.748291,0.801147
1514764809,3,-0.077393,-0.731812,0.824951
1514764809,3,-0.051392,-0.654785,0.855225
1514764809,3,-0.061890,-0.466431,0.863403
1514764809,3,-0.090698,-0.421875,0.858887
1514764809,3,-0.118530,-0.402100,0.860596
1514764809,3,-0.135986,-0.401489,0.860840
1514764809,3,-0.192993,-0.382080,0.854248
1514764809,3,-0.186523,-0.376587,0.840210
1514764809,3,-0.178101,-0.391602,0.832153
1514764809,3,-0.172119,-0.414917,0.823608
1514764809,3,-0.170044,-0.492676,0.812012
1514764809,3,-0.163086,-0.527954,0.817261
1514764809,3,-0.162964,-0.544434,0.827637
1514764809,3,-0.151978,-0.555908,0.837646
1514764809,3,-0.133911,-0.599365,0.851807
1514764809,3,-0.124390,-0.624268,0.854248
1514764809,3,-0.122925,-0.645142,0.852173
1514764809,3,-0.121826,-0.666260,0.845703
1514764809,3,-0.122925,-0.694092,0.825195
1514764809,3,-0.129395,-0.708374,0.812134
1514764809,3,-0.135254,-0.722778,0.797119
1514764809,3,-0.147827,-0.728638,0.777710
1514764809,3,-0.170898,-0.730957,0.748413
1514764809,3,-0.174194,-0.728882,0.741333
1514764809,3,-0.179565,-0.722046,0.739502
1514764809,3,-0.185913,-0.710083,0.740967
1514764809,3,-0.188721,-0.666870,0.759766
1514764809,3,-0.186401,-0.643188,0.763184
1514764809,3,-0.184570,-0.629272,0.766479
1514764809,3,-0.182861,-0.614502,0.768433
1514764809,3,-0.176514,-0.583984,0.769775
1514764809,3,-0.168579,-0.570435,0.764893
1514764809,3,-0.177124,-0.565186,0.760742
1514764809,3,-0.171631,-0.548462,0.756104
1514764809,3,-0.163330,-0.524292,0.759277
1514764809,3,-0.166870,-0.523438,0.755249
1514764809,3,-0.164673,-0.517944,0.752319
1514764809,3,-0.165527,-0.515137,0.760498
1514764809,3,-0.162354,-0.513672,0.768677
1514764809,3,-0.159668,-0.513428,0.770508
1514764809,3,-0.114258,-0.487549,0.775513
1514764809,3,-0.055542,-0.432129,0.785522
1514764809,3,-0.157471,-0.532349,0.762695
1514764809,3,-0.185425,-0.637207,0.753418
1514764809,3,-0.206055,-0.730835,0.741211
1514764809,3,-0.241821,-0.782715,0.749634
1514764809,3,-0.258911,-0.692017,0.781738
1514764809,3,-0.239136,-0.660034,0.794189
1514764809,3,-0.205200,-0.643433,0.804810
1514764809,3,-0.169189,-0.646729,0.809082
1514764809,3,-0.027588,-0.500366,0.817871
1514764809,3,-0.066650,-0.360596,0.853882
1514764809,3,-0.115112,-0.235352,0.846436
1514764809,3,-0.120728,-0.148804,0.807861
1514764809,3,-0.155151,-0.208862,0.747192
1514764809,3,-0.167358,-0.315918,0.722900
1514764809,3,-0.158325,-0.429199,0.701050
1514764809,3,-0.145264,-0.487793,0.678467
1514764809,3,-0.125488,-0.515137,0.687256
1514764809,3,-0.115723,-0.518555,0.690430
1514764809,3,-0.105713,-0.521851,0.692993
1514764809,3,-0.095825,-0.525757,0.695557
1514764809,3,-0.082397,-0.526489,0.694702
1514764809,3,-0.082520,-0.524536,0.699463
1514764809,3,-0.086304,-0.525024,0.704590
1514764809,3,-0.097778,-0.531250,0.718262
1514764809,3,-0.131836,-0.563721,0.749756
1514764809,3,-0.139160,-0.572632,0.769165
1514764809,3,-0.142578,-0.556030,0.787231
1514764809,3,-0.150513,-0.532227,0.812500
1514764809,3,-0.145874,-0.500610,0.867798
1514764809,3,-0.124634,-0.504639,0.874634
1514764809,3,-0.119629,-0.505127,0.877319
1514764809,3,-0.119873,-0.511353,0.879272
1514764809,3,-0.125366,-0.532715,0.870361
1514764809,3,-0.118530,-0.532227,0.873901
1514764809,3,-0.116699,-0.520752,0.884399
1514764809,3,-0.098511,-0.495972,0.888062
1514764809,3,-0.099854,-0.487305,0.849609
1514764809,3,-0.109863,-0.527222,0.832520
1514764809,3,-0.092896,-0.559937,0.837158
1514764809,3,-0.088135,-0.557617,0.838135
1514764809,3,-0.094482,-0.515137,0.818237
1514764809,3,-0.098999,-0.506592,0.814331
1514764809,3,-0.100220,-0.510742,0.808716
1514764809,3,-0.108276,-0.513428,0.804810
1514764809,3,-0.137451,-0.528564,0.792603
1514764809,3,-0.151611,-0.530762,0.785889
1514764809,3,-0.146851,-0.523926,0.789551
1514764809,3,-0.144897,-0.514648,0.806152
1514764809,3,-0.135620,-0.519043,0.836792
1514764809,3,-0.113037,-0.533936,0.838379
1514764809,3,-0.107422,-0.566528,0.860352
1514764809,3,-0.098389,-0.593018,0.866577
1514764809,3,-0.095703,-0.603638,0.907104
1514764809,3,-0.104858,-0.552979,0.945923
1514764809,3,-0.127808,-0.510742,0.956787
1514764809,3,-0.150635,-0.536621,0.943726
1514764809,3,-0.166748,-0.704834,0.914307
1514764809,3,-0.168457,-0.785645,0.899170
1514764809,3,-0.162964,-0.815308,0.898560
1514764809,3,-0.139771,-0.779907,0.903564
1514764809,3,-0.109863,-0.594604,0.937500
1514764809,3,-0.123413,-0.573486,0.911499
1514764809,3,-0.142944,-0.575806,0.912964
1514764809,3,-0.121704,-0.565430,0.897217
1514764809,3,-0.118652,-0.455444,0.900024
1514764809,3,-0.115723,-0.445190,0.861938
1514764809,3,-0.116211,-0.478760,0.836060
1514764809,3,-0.121094,-0.515259,0.831909
1514764809,3,-0.131592,-0.548706,0.819580
1514764809,3,-0.140991,-0.570435,0.812500
1514764809,3,-0.103882,-0.582397,0.800171
1514764809,3,-0.103271,-0.590698,0.809082
1514764809,3,-0.169678,-0.575073,0.820312
1514764809,3,-0.166992,-0.540771,0.843994
1514764809,3,-0.169312,-0.526611,0.839478
1514764809,3,-0.159302,-0.501099,0.826660
1514764809,3,-0.132568,-0.407715,0.868774
1514764809,3,-0.114990,-0.378418,0.872803
1514764809,3,-0.110474,-0.364502,0.877808
1514764809,3,-0.104858,-0.370972,0.879639
1514764809,3,-0.113281,-0.446899,0.869141
1514764809,3,-0.120361,-0.510254,0.859131
1514764809,3,-0.117432,-0.561523,0.860962
1514764809,3,-0.091431,-0.582886,0.858398
1514764809,3,-0.102783,-0.582031,0.854614
1514764809,3,-0.112793,-0.568726,0.840942
1514764809,3,-0.132202,-0.578613,0.830933
1514764809,3,-0.145020,-0.599731,0.824951
1514764809,3,-0.140137,-0.558960,0.829224
1514764809,3,-0.132812,-0.509033,0.831543
1514764809,3,-0.128418,-0.455933,0.831909
1514764809,3,-0.130127,-0.425537,0.845947
1514764809,3,-0.125610,-0.390381,0.867065
1514764809,3,-0.130371,-0.394409,0.872314
1514764809,3,-0.129639,-0.405762,0.868530
1514764809,3,-0.121826,-0.429077,0.865234
1514764809,3,-0.121216,-0.474487,0.873047
1514764809,3,-0.112427,-0.490601,0.870850
1514764809,3,-0.076904,-0.511475,0.870850
1514764809,3,-0.121704,-0.527222,0.865845
1514764809,3,-0.121948,-0.543701,0.853271
1514764809,3,-0.128662,-0.565796,0.854614
1514764809,3,-0.142090,-0.582397,0.853027
1514764809,3,-0.138672,-0.596802,0.851562
1514764809,3,-0.126221,-0.555786,0.854370
1514764809,3,-0.124146,-0.526611,0.859131
1514764809,3,-0.129517,-0.500854,0.865234
1514764809,3,-0.133179,-0.481445,0.864502
1514764809,3,-0.145874,-0.443604,0.854858
1514764809,3,-0.151855,-0.434448,0.856445
1514764809,3,-0.156738,-0.425903,0.857666
1514764809,3,-0.151367,-0.415405,0.862183
1514764809,3,-0.128052,-0.400757,0.859497
1514764809,3,-0.125244,-0.387085,0.858032
1514764809,3,-0.128662,-0.364014,0.857666
1514764809,3,-0.136841,-0.347534,0.855591
1514764809,3,-0.140503,-0.352661,0.844360
1514764809,3,-0.134277,-0.360107,0.845093
1514764809,3,-0.126099,-0.361206,0.838501
1514764809,3,-0.117065,-0.368774,0.838745
1514764809,3,-0.102051,-0.359131,0.843140
1514764809,3,-0.106323,-0.346313,0.837646
1514764809,3,-0.095215,-0.346558,0.827148
1514764809,3,-0.086914,-0.354614,0.820312
1514764809,3,-0.098755,-0.392944,0.809448
1514764809,3,-0.114136,-0.417725,0.809204
1514764809,3,-0.117065,-0.431885,0.816040
1514764809,3,-0.104126,-0.430298,0.823242
1514764809,3,-0.098877,-0.410156,0.847534
1514764809,3,-0.100342,-0.413452,0.848511
1514764809,3,-0.098511,-0.423584,0.853149
1514764809,3,-0.092407,-0.435791,0.853027
1514764809,3,-0.097900,-0.450928,0.865723
1514764809,3,-0.109985,-0.451172,0.872070
1514764809,3,-0.121216,-0.452759,0.880127
1514764809,3,-0.129395,-0.458374,0.883423
1514764809,3,-0.114380,-0.483276,0.873413
1514764809,3,-0.082886,-0.499634,0.869629
1514764809,3,-0.107300,-0.514771,0.868408
1514764810,3,-0.132446,-0.525146,0.861450
1514764810,3,-0.146973,-0.513672,0.869751
1514764810,3,-0.145996,-0.505371,0.870972
1514764810,3,-0.146240,-0.504395,0.870605
1514764810,3,-0.151001,-0.502686,0.869751
1514764810,3,-0.157593,-0.488159,0.865723
1514764810,3,-0.153809,-0.483276,0.864746
1514764810,3,-0.150146,-0.479126,0.860107
1514764810,3,-0.141479,-0.476074,0.852539
1514764810,3,-0.125488,-0.479980,0.844849
1514764810,3,-0.116821,-0.483398,0.843262
1514764810,3,-0.109009,-0.484131,0.838257
1514764810,3,-0.105347,-0.480469,0.840454
1514764810,3,-0.105957,-0.470581,0.850708
1514764810,3,-0.108643,-0.466797,0.856812
1514764810,3,-0.113403,-0.464844,0.858154
1514764810,3,-0.118896,-0.460571,0.858643
1514764810,3,-0.125244,-0.467285,0.861206
1514764810,3,-0.124878,-0.471069,0.860840
1514764810,3,-0.127197,-0.472412,0.856323
1514764810,3,-0.128174,-0.476562,0.854736
1514764810,3,-0.135620,-0.479370,0.858276
1514764810,3,-0.137573,-0.479370,0.856689
1514764810,3,-0.138550,-0.482910,0.859985
1514764810,3,-0.134888,-0.482422,0.863037
1514764810,3,-0.135864,-0.477295,0.867432
1514764810,3,-0.135864,-0.479980,0.867432
1514764810,3,-0.136841,-0.479736,0.867920
1514764810,3,-0.134888,-0.477661,0.866943
1514764810,3,-0.140503,-0.479736,0.864746
1514764810,3,-0.137817,-0.481445,0.861816
1514764810,3,-0.136108,-0.479614,0.853760
1514764810,3,-0.136230,-0.483276,0.847046
1514764810,3,-0.136963,-0.492920,0.842529
1514764810,3,-0.139038,-0.498169,0.840210
1514764810,3,-0.140259,-0.498169,0.840698
1514764810,3,-0.140137,-0.500977,0.841187
1514764810,3,-0.133179,-0.502563,0.845947
1514764810,3,-0.131470,-0.500488,0.852173
1514764810,3,-0.129517,-0.496338,0.856567
1514764810,3,-0.130127,-0.488647,0.860352
1514764810,3,-0.131958,-0.483643,0.864136
1514764810,3,-0.142944,-0.482910,0.869263
1514764810,3,-0.184692,-0.492432,0.885254
1514764810,3,-0.194336,-0.519653,0.868164
1514764810,3,-0.129150,-0.566528,0.835205
1514764810,3,-0.115723,-0.552612,0.843506
1514764810,3,-0.114502,-0.516235,0.855347
1514764810,3,-0.133179,-0.482178,0.864380
1514764810,3,-0.197388,-0.441284,0.861572
1514764810,3,-0.193359,-0.454956,0.836182
1514764810,3,-0.177002,-0.465820,0.848267
1514764810,3,-0.152832,-0.444458,0.872070
1514764810,3,-0.141357,-0.374512,0.859863
1514764810,3,-0.145996,-0.391724,0.858643
1514764810,3,-0.146973,-0.416504,0.866821
1514764810,3,-0.147217,-0.438965,0.876587
1514764810,3,-0.144165,-0.463867,0.865356
1514764810,3,-0.144653,-0.469604,0.860962
1514764810,3,-0.144653,-0.476929,0.854248
1514764810,3,-0.142944,-0.479858,0.851685
1514764810,3,-0.137573,-0.491089,0.845337
1514764810,3,-0.135742,-0.490967,0.849121
1514764810,3,-0.126465,-0.484009,0.858765
1514764810,3,-0.111694,-0.480469,0.863770
1514764810,3,-0.102905,-0.478516,0.876099
1514764810,3,-0.102661,-0.484985,0.880859
1514764810,3,-0.116089,-0.490479,0.882202
1514764810,3,-0.127319,-0.498047,0.881592
1514764810,3,-0.153076,-0.523926,0.884766
1514764810,3,-0.155396,-0.533813,0.884644
1514764810,3,-0.161133,-0.541138,0.883911
1514764810,3,-0.162598,-0.547363,0.884033
1514764810,3,-0.142944,-0.528442,0.898193
1514764810,3,-0.136597,-0.500122,0.906372
1514764810,3,-0.131958,-0.475220,0.911133
1514764810,3,-0.135864,-0.452759,0.915161
1514764810,3,-0.132080,-0.438354,0.906738
1514764810,3,-0.129028,-0.438599,0.895630
1514764810,3,-0.130981,-0.440186,0.890137
1514764810,3,-0.132812,-0.436157,0.892578
1514764810,3,-0.134766,-0.410156,0.885742
1514764810,3,-0.134033,-0.404053,0.882568
1514764810,3,-0.130981,-0.404663,0.884155
1514764810,3,-0.125244,-0.410522,0.880371
1514764810,3,-0.108765,-0.426147,0.867310
1514764810,3,-0.114624,-0.431519,0.859131
1514764810,3,-0.123901,-0.444946,0.858276
1514764810,3,-0.117432,-0.455444,0.850464
1514764810,3,-0.130859,-0.463379,0.850342
1514764810,3,-0.130127,-0.467285,0.844238
1514764810,3,-0.125122,-0.476196,0.849121
1514764810,3,-0.111450,-0.478394,0.854004
1514764810,3,-0.101685,-0.470215,0.875244
1514764810,3,-0.109253,-0.463501,0.874756
1514764810,3,-0.119873,-0.466431,0.875610
1514764810,3,-0.131592,-0.467651,0.880493
1514764810,3,-0.148193,-0.462158,0.899658
1514764810,3,-0.154297,-0.448975,0.905518
1514764810,3,-0.161499,-0.438232,0.909058
1514764810,3,-0.150879,-0.407104,0.909424
1514764810,3,-0.133911,-0.378174,0.895264
1514764810,3,-0.131104,-0.383057,0.879761
1514764810,3,-0.127930,-0.396729,0.877197
1514764810,3,-0.119141,-0.412598,0.877808
1514764810,3,-0.121948,-0.426270,0.884766
1514764810,3,-0.126831,-0.431274,0.888916
1514764810,3,-0.139526,-0.435181,0.899414
1514764810,3,-0.150757,-0.447388,0.906128
1514764810,3,-0.162964,-0.473999,0.905640
1514764810,3,-0.168091,-0.493286,0.909912
1514764810,3,-0.164795,-0.505005,0.913696
1514764810,3,-0.153442,-0.505981,0.918823
1514764810,3,-0.148682,-0.484497,0.916138
1514764810,3,-0.146851,-0.469971,0.924438
1514764810,3,-0.152588,-0.443359,0.931152
1514764810,3,-0.157593,-0.432983,0.929077
1514764810,3,-0.122192,-0.453979,0.911011
1514764810,3,-0.157959,-0.438721,0.900391
1514764810,3,-0.177856,-0.437866,0.895996
1514764810,3,-0.163208,-0.404663,0.884033
1514764810,3,-0.177612,-0.361450,0.880981
1514764810,3,-0.149048,-0.353027,0.858643
1514764810,3,-0.121582,-0.351929,0.839966
1514764810,3,-0.130493,-0.360352,0.841675
1514764810,3,-0.136719,-0.371826,0.842285
1514764810,3,-0.145996,-0.368774,0.851318
1514764810,3,-0.139771,-0.358154,0.857422
1514764810,3,-0.142944,-0.357788,0.856567
1514764810,3,-0.156982,-0.414551,0.867920
1514764810,3,-0.152954,-0.440430,0.864502
1514764810,3,-0.155640,-0.448975,0.862183
1514764810,3,-0.160034,-0.426270,0.864624
1514764810,3,-0.162720,-0.360596,0.870361
1514764810,3,-0.155884,-0.320068,0.866577
1514764810,3,-0.142456,-0.281006,0.868164
1514764810,3,-0.131592,-0.257812,0.869141
1514764810,3,-0.109985,-0.242310,0.866089
1514764810,3,-0.095215,-0.243042,0.859619
1514764810,3,-0.087646,-0.242554,0.862915
1514764810,3,-0.087891,-0.254517,0.866577
1514764810,3,-0.101562,-0.286621,0.886963
1514764810,3,-0.109009,-0.309326,0.895996
1514764810,3,-0.109741,-0.332642,0.900024
1514764810,3,-0.098633,-0.354370,0.903198
1514764810,3,-0.133179,-0.449341,0.902344
1514764810,3,-0.148804,-0.496094,0.912476
1514764810,3,-0.154053,-0.517822,0.931885
1514764810,3,-0.135132,-0.531372,0.945190
1514764810,3,-0.141357,-0.547974,0.939087
1514764810,3,-0.139038,-0.546509,0.948120
1514764810,3,-0.137085,-0.535400,0.958496
1514764810,3,-0.139404,-0.514893,0.956055
1514764810,3,-0.138062,-0.452148,0.934082
1514764810,3,-0.138428,-0.423828,0.931152
1514764810,3,-0.140381,-0.398315,0.933960
1514764810,3,-0.135620,-0.375854,0.933716
1514764810,3,-0.140381,-0.324463,0.918945
1514764810,3,-0.144531,-0.306519,0.916016
1514764810,3,-0.146973,-0.297241,0.911865
1514764810,3,-0.145874,-0.286621,0.905273
1514764810,3,-0.127075,-0.261719,0.885376
1514764810,3,-0.130981,-0.256226,0.876709
1514764810,3,-0.127808,-0.260864,0.857300
1514764810,3,-0.122192,-0.284302,0.848389
1514764810,3,-0.104248,-0.283447,0.868286
1514764810,3,-0.105225,-0.251709,0.881470
1514764810,3,-0.108765,-0.221191,0.885986
1514764810,3,-0.117065,-0.207153,0.891479
1514764810,3,-0.112305,-0.219482,0.908325
1514764810,3,-0.112427,-0.229736,0.904785
1514764810,3,-0.110962,-0.239014,0.904053
1514764810,3,-0.107544,-0.250244,0.896606
1514764810,3,-0.112305,-0.282471,0.894775
1514764810,3,-0.113892,-0.304688,0.897583
1514764810,3,-0.123657,-0.326172,0.899780
1514764810,3,-0.109863,-0.344482,0.896851
1514764810,3,-0.121216,-0.395386,0.891113
1514764810,3,-0.108398,-0.411133,0.897949
1514764810,3,-0.081299,-0.385498,0.905029
1514764810,3,-0.084839,-0.345581,0.899902
1514764810,3,-0.102539,-0.303467,0.874390
1514764810,3,-0.101318,-0.309204,0.869995
1514764810,3,-0.126343,-0.311401,0.895874
1514764810,3,-0.146118,-0.311157,0.900146
1514764810,3,-0.102051,-0.312378,0.886230
