0.073242,-0.950806,0.256836
0.074951,-0.951538,0.257935
0.076904,-0.952271,0.258545
0.075562,-0.950317,0.26001
0.079468,-0.938721,0.261353
0.077148,-0.937378,0.260254
0.079834,-0.945068,0.257935
0.078979,-0.955444,0.257935
0.079468,-0.963745,0.257202
0.079346,-0.967041,0.256836
0.074219,-0.970581,0.25708
0.072266,-0.968018,0.256226
0.069702,-0.963745,0.254028
0.071777,-0.959839,0.254761
0.069946,-0.960693,0.253662
0.069946,-0.958008,0.255615
0.071655,-0.957275,0.252808
0.067505,-0.959351,0.254883
0.070435,-0.953857,0.256958
0.072998,-0.953369,0.256104
0.073975,-0.953491,0.254761
0.073975,-0.951782,0.255615
0.076416,-0.952515,0.257812
0.075562,-0.951294,0.256714
0.076416,-0.947388,0.258667
0.077637,-0.94751,0.258301
0.076172,-0.951904,0.260986
0.075928,-0.954468,0.256104
0.076782,-0.957153,0.256226
0.073364,-0.961426,0.260986
0.074097,-0.96167,0.259644
0.071289,-0.961182,0.259277
0.072021,-0.959595,0.259888
0.071777,-0.955811,0.256958
0.070679,-0.953247,0.258301
0.071045,-0.957153,0.262085
0.069824,-0.955566,0.260498
0.074219,-0.957397,0.259766
0.072998,-0.950928,0.259644
0.074829,-0.949707,0.255981
0.074219,-0.94751,0.255737
0.076172,-0.946411,0.256836
0.077759,-0.947876,0.256226
0.076416,-0.954224,0.256348
0.0802,-0.955688,0.255493
0.079956,-0.96228,0.257812
0.078735,-0.966675,0.259277
0.077271,-0.962524,0.256226
0.075317,-0.963867,0.256592
0.073975,-0.958374,0.259277
0.073486,-0.956665,0.255371
0.07251,-0.956543,0.255981
0.070801,-0.957764,0.256958
0.073364,-0.954468,0.258301
0.072388,-0.952026,0.258179
0.072998,-0.950562,0.259033
0.072998,-0.950317,0.260864
0.073364,-0.948608,0.259521
0.072388,-0.949585,0.259888
0.07312,-0.952148,0.257568
0.073608,-0.953125,0.257324
0.074707,-0.954224,0.257812
0.075317,-0.956177,0.258179
0.076172,-0.950928,0.262329
0.077148,-0.949585,0.264038
0.076416,-0.949829,0.261841
0.074951,-0.954346,0.260986
0.073853,-0.955811,0.259155
0.077515,-0.95459,0.259155
0.077271,-0.954956,0.25769
0.074707,-0.955688,0.257812
0.073242,-0.955322,0.255371
0.07251,-0.952637,0.25354
0.06958,-0.954468,0.253296
0.066162,-0.955688,0.254028
0.067139,-0.956665,0.253174
0.067139,-0.954712,0.253296
0.067261,-0.949829,0.255615
0.074829,-0.947998,0.25354
0.076172,-0.947021,0.25354
0.077271,-0.944946,0.254639
0.077515,-0.951172,0.253662
0.078979,-0.948608,0.25354
0.079468,-0.950439,0.249878
0.075195,-0.94873,0.24646
0.077026,-0.950439,0.244995
0.077026,-0.950928,0.248535
0.078247,-0.952881,0.249512
0.078979,-0.955566,0.25
0.078247,-0.956787,0.25061
0.07959,-0.955688,0.255005
0.078613,-0.960938,0.254395
0.078857,-0.959961,0.255859
0.0802,-0.956421,0.252075
0.078369,-0.954468,0.252197
0.0802,-0.956421,0.249512
0.083252,-0.957397,0.244751
0.083618,-0.958252,0.245483
0.083374,-0.959961,0.241699
0.081787,-0.961304,0.241821
0.078369,-0.96106,0.239136
0.076538,-0.962402,0.236206
0.073242,-0.96814,0.238892
0.074219,-0.96814,0.239502
0.074707,-0.96875,0.242676
0.073486,-0.969238,0.242676
0.07251,-0.968262,0.234131
0.071655,-0.964355,0.230835
0.069824,-0.964966,0.229126
0.068848,-0.967407,0.227173
0.068237,-0.969727,0.222168
0.069092,-0.971436,0.222656
0.072021,-0.970581,0.222046
0.07312,-0.973755,0.225952
0.073364,-0.972412,0.231445
0.077637,-0.97168,0.233887
0.074951,-0.970825,0.235352
0.07666,-0.968262,0.237061
0.082275,-0.968994,0.239624
0.080811,-0.970947,0.243164
0.079468,-0.972656,0.239014
0.079346,-0.974365,0.240845
0.077881,-0.970703,0.23877
0.075195,-0.972534,0.240356
0.075317,-0.970215,0.23877
0.072998,-0.970215,0.239746
0.068237,-0.967163,0.239746
0.066284,-0.96521,0.240845
0.06311,-0.964966,0.242798
0.064453,-0.962646,0.243164
0.064575,-0.957764,0.245117
0.064697,-0.956543,0.24353
0.062744,-0.953125,0.244019
0.063232,-0.952271,0.244019
0.059814,-0.954712,0.251343
0.060425,-0.956299,0.254761
0.062012,-0.956665,0.256714
0.064087,-0.955688,0.258179
0.064453,-0.954468,0.26062
0.07019,-0.953613,0.258179
0.070923,-0.952515,0.256958
0.071655,-0.953857,0.257812
0.072998,-0.959595,0.254761
0.078369,-0.95752,0.253418
0.076294,-0.960693,0.255493
0.076294,-0.958984,0.256714
0.07251,-0.956543,0.259399
0.074219,-0.953857,0.260132
0.074829,-0.952881,0.261108
0.070068,-0.948975,0.264038
0.071289,-0.938965,0.270386
0.072998,-0.934692,0.272095
0.075439,-0.92981,0.271973
0.077515,-0.93103,0.269653
0.080078,-0.932129,0.260742
0.080444,-0.936646,0.263184
0.080688,-0.938965,0.259644
0.07959,-0.941406,0.259277
0.065308,-0.948853,0.268677
0.063354,-0.950073,0.271606
0.058472,-0.951294,0.276001
0.061035,-0.958252,0.278809
0.069702,-0.962769,0.272949
0.075562,-0.959839,0.275757
0.085571,-0.958496,0.278809
0.087646,-0.948486,0.277222
0.090088,-0.929565,0.282471
0.086182,-0.925415,0.286987
0.08606,-0.920898,0.286255
0.083008,-0.921021,0.286011
0.074341,-0.930908,0.28479
0.070679,-0.935913,0.286255
0.065674,-0.938599,0.286133
0.060791,-0.939453,0.287109
0.052856,-0.935059,0.281006
0.05127,-0.937378,0.279907
0.049805,-0.945312,0.278442
0.051147,-0.947998,0.270264
0.052734,-0.958618,0.270264
0.05603,-0.960571,0.266357
0.061646,-0.953613,0.264038
0.066162,-0.947632,0.262573
0.073853,-0.939575,0.261841
0.078979,-0.934448,0.263916
0.082275,-0.931396,0.26416
0.087524,-0.930664,0.25708
0.093628,-0.924316,0.243652
0.09729,-0.918457,0.235962
0.078979,-0.934082,0.24353
0.074097,-0.944702,0.244995
0.06958,-0.971191,0.240845
0.07666,-0.975098,0.249878
0.075806,-0.96936,0.272705
0.07959,-0.949707,0.28833
0.09314,-0.868286,0.317871
0.109741,-0.834595,0.321045
0.109741,-0.799194,0.311035
0.112549,-0.777344,0.299072
0.100708,-0.77771,0.259888
0.100708,-0.78772,0.233032
0.100708,-0.799683,0.205078
0.0979,-0.820312,0.174561
0.090698,-0.855469,0.128418
0.09375,-0.871704,0.117676
0.111938,-0.901733,0.124146
0.126587,-0.928955,0.123291
0.122681,-0.983398,0.11853
0.123169,-1.037109,0.111328
0.13147,-1.089478,0.103149
0.133179,-1.145874,0.095215
0.150635,-1.252686,0.085693
0.142334,-1.285645,0.06604
0.144165,-1.306641,0.044434
0.135864,-1.292969,0.033691
0.116333,-1.228394,-0.001099
0.110596,-1.195923,-0.017578
0.124268,-1.180298,-0.036865
0.130615,-1.163086,-0.043335
0.144897,-1.125,-0.04187
0.14209,-1.114624,-0.024292
0.132324,-1.098022,-0.00293
0.139893,-1.083618,0.013916
0.172974,-1.095947,0.045288
0.176147,-1.1073,0.031128
0.187012,-1.102173,0.025146
0.187988,-1.085449,0.022583
0.171875,-1.064697,0.001343
0.150879,-1.049194,-0.016479
0.1427,-1.049561,-0.035645
0.112915,-1.050171,-0.055664
0.091553,-1.072144,-0.095459
0.098633,-1.080933,-0.112671
0.123047,-1.090942,-0.122925
0.147461,-1.07959,-0.13916
0.197388,-1.052979,-0.172607
0.195557,-1.055298,-0.19165
0.202271,-1.080078,-0.207886
0.197266,-1.113037,-0.211792
0.234619,-1.18335,-0.17334
0.284668,-1.227539,-0.142578
0.342163,-1.260498,-0.116455
0.411133,-1.306152,-0.07312
0.509033,-1.400513,0.00354
0.542114,-1.439209,0.047241
0.549316,-1.468628,0.088745
0.537354,-1.477783,0.119995
0.552124,-1.474121,0.163696
0.534302,-1.430664,0.134766
0.549072,-1.370728,0.118042
0.572632,-1.336182,0.098022
0.618774,-1.269531,0.022217
0.603516,-1.237671,-0.031128
0.64917,-1.227295,-0.055664
0.757202,-1.227417,-0.124268
0.801636,-1.175293,-0.195801
0.814209,-1.132446,-0.226562
0.807617,-1.083862,-0.254639
0.834351,-1.089722,-0.276611
0.83667,-1.186035,-0.296021
0.853271,-1.221924,-0.299438
0.869873,-1.246826,-0.30481
0.869263,-1.263062,-0.303711
0.883423,-1.276489,-0.29248
0.884644,-1.279785,-0.281616
0.881958,-1.269043,-0.283936
0.879395,-1.24292,-0.293091
0.869019,-1.170044,-0.299927
0.86145,-1.139282,-0.307373
0.849731,-1.113647,-0.307617
0.836914,-1.084229,-0.311401
0.790894,-1.037109,-0.313599
0.781006,-1.028809,-0.31897
0.778687,-1.015259,-0.315918
0.779907,-1.002319,-0.31189
0.777588,-0.964355,-0.319092
0.771729,-0.946045,-0.321655
0.768555,-0.931396,-0.328125
0.786621,-0.918579,-0.332642
0.726807,-0.929932,-0.338867
0.718018,-0.949097,-0.359619
0.734131,-0.968872,-0.367554
0.75647,-0.996826,-0.371216
0.76062,-1.002808,-0.386475
0.734497,-0.978027,-0.406982
0.69458,-0.947388,-0.427246
0.658569,-0.917969,-0.442993
0.646973,-0.922852,-0.455444
0.639771,-0.941895,-0.463867
0.641113,-0.952515,-0.466797
0.650757,-0.961304,-0.466675
0.673462,-0.957397,-0.459106
0.673584,-0.947144,-0.458008
0.657837,-0.953247,-0.465942
0.647705,-0.952759,-0.479004
0.629761,-0.961182,-0.497559
0.635498,-0.960083,-0.497559
0.635376,-0.96521,-0.498413
0.622925,-0.974121,-0.503662
0.598145,-0.975464,-0.525024
0.589966,-0.979492,-0.519165
0.588745,-0.97876,-0.511719
0.585693,-0.975708,-0.506348
0.587402,-0.95459,-0.479614
0.589478,-0.946045,-0.468506
0.585327,-0.941895,-0.457886
0.564087,-0.948486,-0.450928
0.520752,-0.914185,-0.452515
0.488647,-0.908081,-0.453857
0.463867,-0.901978,-0.453857
0.450317,-0.890381,-0.4552
0.428711,-0.87793,-0.453613
0.424438,-0.873291,-0.446655
0.418701,-0.869873,-0.44104
0.415527,-0.868164,-0.43042
0.405884,-0.843262,-0.403076
0.402588,-0.825928,-0.389893
0.406738,-0.805054,-0.375366
0.405518,-0.77356,-0.358643
0.398682,-0.717163,-0.316528
0.393188,-0.702881,-0.307983
0.390381,-0.705444,-0.293335
0.384033,-0.706543,-0.276733
0.356445,-0.667236,-0.271973
0.336914,-0.644409,-0.273315
0.305786,-0.628174,-0.261963
0.288818,-0.605957,-0.255615
0.268433,-0.604004,-0.234619
0.267334,-0.597534,-0.226807
0.272095,-0.591675,-0.2146
0.268188,-0.58667,-0.201294
0.251587,-0.563354,-0.182617
0.230713,-0.550415,-0.176147
0.222412,-0.539185,-0.169678
0.218018,-0.525391,-0.151978
0.199463,-0.498657,-0.118652
0.184448,-0.484009,-0.097412
0.168579,-0.463135,-0.086182
0.161499,-0.439697,-0.078979
0.150757,-0.397949,-0.053345
0.149902,-0.380371,-0.046021
0.150879,-0.365723,-0.035278
0.147583,-0.348022,-0.023804
0.130249,-0.32019,-0.018311
0.119019,-0.303711,-0.016357
0.109985,-0.300537,-0.018311
0.095459,-0.298706,-0.018677
0.066406,-0.304688,-0.035278
0.047852,-0.30542,-0.040161
0.038086,-0.308105,-0.039917
0.03125,-0.311157,-0.038574
0.028076,-0.329346,-0.047485
0.030273,-0.3479,-0.046265
0.039795,-0.369751,-0.045044
0.061157,-0.389526,-0.045776
0.095093,-0.42334,-0.038696
0.108643,-0.433472,-0.034668
0.108276,-0.452271,-0.026245
0.094727,-0.454956,-0.02478
0.078979,-0.462646,-0.0271
0.075928,-0.468628,-0.029785
0.079224,-0.466064,-0.026733
0.084106,-0.461914,-0.019531
0.099609,-0.453857,-0.021729
0.108643,-0.448486,-0.025635
0.121948,-0.446411,-0.025879
0.139038,-0.447632,-0.02771
0.196411,-0.440796,-0.040283
0.225098,-0.435913,-0.039917
0.253784,-0.428345,-0.04187
0.281006,-0.422607,-0.046875
0.317749,-0.410156,-0.051636
0.331543,-0.403198,-0.055786
0.341431,-0.396118,-0.060425
0.346313,-0.395874,-0.071655
0.352783,-0.407104,-0.108032
0.355225,-0.422607,-0.128296
0.360352,-0.450928,-0.148682
0.370239,-0.479614,-0.164062
0.38208,-0.513428,-0.169678
0.384766,-0.518066,-0.159424
0.389404,-0.5177,-0.154297
0.396973,-0.515015,-0.14856
0.414429,-0.52478,-0.150757
0.427124,-0.540039,-0.163696
0.447876,-0.559814,-0.172607
0.480225,-0.580444,-0.173462
0.55896,-0.616455,-0.165527
0.607788,-0.630493,-0.157593
0.650024,-0.6427,-0.140503
0.689697,-0.64856,-0.119995
0.747803,-0.658081,-0.08374
0.765869,-0.659546,-0.073364
0.775757,-0.652466,-0.069702
0.776245,-0.640625,-0.070801
0.766357,-0.605835,-0.08252
0.765991,-0.586792,-0.078125
0.765869,-0.566406,-0.080811
0.767334,-0.5448,-0.087158
0.777466,-0.498779,-0.095459
0.782471,-0.473389,-0.095459
0.791748,-0.446289,-0.094116
0.809937,-0.420288,-0.090454
0.867432,-0.368652,-0.072754
0.894287,-0.34314,-0.054688
0.926147,-0.317383,-0.044312
0.960693,-0.303955,-0.033691
1.006836,-0.281738,-0.026245
1.025269,-0.266357,-0.023315
1.031616,-0.248657,-0.014648
1.035645,-0.237427,-0.020874
1.050171,-0.220459,-0.047974
1.053223,-0.212158,-0.063477
1.05481,-0.195679,-0.071777
1.049683,-0.180664,-0.075928
1.038086,-0.147827,-0.079956
1.036255,-0.133057,-0.079956
1.03833,-0.125977,-0.083496
1.03894,-0.123047,-0.089844
1.036133,-0.111328,-0.088989
1.040161,-0.102539,-0.085815
1.042969,-0.083862,-0.086304
1.050171,-0.071289,-0.084717
1.063965,-0.037231,-0.082886
1.07019,-0.02417,-0.081665
1.078247,-0.009033,-0.083374
1.082642,0.000366,-0.085571
1.093872,0.019043,-0.08667
1.105713,0.030884,-0.088379
1.116333,0.035522,-0.083252
1.127441,0.040039,-0.078735
1.147461,0.042236,-0.081665
1.158081,0.036743,-0.089111
1.171631,0.027588,-0.092529
1.187744,0.010254,-0.088379
1.239746,-0.031372,-0.078735
1.268311,-0.048096,-0.075073
1.297607,-0.066162,-0.074463
1.327759,-0.080322,-0.072144
1.373535,-0.114502,-0.071899
1.396729,-0.128662,-0.067993
1.420166,-0.147827,-0.062134
1.44165,-0.160767,-0.0625
1.464233,-0.180176,-0.060059
1.475464,-0.189331,-0.057739
1.480957,-0.204224,-0.057129
1.478882,-0.216553,-0.063232
1.481079,-0.225952,-0.086548
1.478394,-0.232422,-0.100952
1.474731,-0.236328,-0.111328
1.46875,-0.246704,-0.119751
1.45459,-0.265625,-0.118896
1.446045,-0.273438,-0.111938
1.436157,-0.286377,-0.098511
1.432617,-0.294922,-0.081665
1.422241,-0.316162,-0.040771
1.413086,-0.32019,-0.024292
1.397339,-0.321655,-0.010132
1.381348,-0.322144,0.001221
1.346313,-0.318848,0.009766
1.333252,-0.314941,0.010132
1.293701,-0.307495,-0.007568
1.273804,-0.300903,-0.016235
1.231323,-0.279175,-0.030762
1.208374,-0.270874,-0.041626
1.184937,-0.260376,-0.050537
1.16333,-0.25708,-0.065918
1.12915,-0.247803,-0.079834
1.111694,-0.233765,-0.085938
1.095703,-0.224121,-0.08728
1.083252,-0.217529,-0.087524
1.052002,-0.218384,-0.09314
1.042358,-0.218262,-0.092651
1.029907,-0.216919,-0.085571
1.020874,-0.215454,-0.086914
1.003052,-0.211182,-0.085449
0.990967,-0.205933,-0.082153
0.980591,-0.195068,-0.077881
0.969604,-0.185791,-0.079468
0.949707,-0.16687,-0.077759
0.941895,-0.160522,-0.078979
0.932861,-0.159424,-0.081543
0.929321,-0.156616,-0.08313
0.924683,-0.159912,-0.093506
0.923584,-0.156982,-0.095947
0.924805,-0.158203,-0.099976
0.925659,-0.156494,-0.099121
0.930664,-0.155518,-0.104248
0.935425,-0.157471,-0.109619
0.936035,-0.159546,-0.108765
0.936279,-0.163208,-0.110596
0.937378,-0.174683,-0.113525
0.938477,-0.180298,-0.115967
0.938843,-0.186523,-0.115723
0.937134,-0.191162,-0.12146
0.93811,-0.197632,-0.12146
0.940308,-0.199341,-0.120972
0.942993,-0.199585,-0.122925
0.942139,-0.202148,-0.119263
0.948242,-0.206421,-0.116211
0.954712,-0.211548,-0.115356
0.957153,-0.210205,-0.118774
0.961304,-0.211426,-0.123047
0.96936,-0.220947,-0.130737
0.972778,-0.223145,-0.136475
0.979126,-0.22644,-0.141113
0.983887,-0.22998,-0.144043
0.990845,-0.228394,-0.148438
0.996216,-0.229736,-0.144775
1.001343,-0.224243,-0.139526
1.008423,-0.218262,-0.138306
1.014893,-0.207886,-0.135376
1.018555,-0.200195,-0.136841
1.024292,-0.199829,-0.133667
1.032471,-0.199707,-0.130615
1.054077,-0.227783,-0.124023
1.071655,-0.246582,-0.122559
1.092529,-0.2677,-0.123901
1.110962,-0.282471,-0.121826
1.146973,-0.309326,-0.118286
1.168701,-0.323975,-0.116821
1.187866,-0.333374,-0.120483
1.204834,-0.338867,-0.125977
1.234619,-0.334839,-0.137695
1.244751,-0.328247,-0.142334
1.259033,-0.324463,-0.140259
1.271851,-0.323242,-0.139771
1.300049,-0.332275,-0.141724
1.310669,-0.337036,-0.143799
1.322754,-0.33728,-0.151489
1.335205,-0.334106,-0.160889
1.352295,-0.327026,-0.167236
1.365356,-0.328491,-0.168091
1.373535,-0.328857,-0.169067
1.386963,-0.327759,-0.164185
1.408325,-0.322021,-0.153809
1.421631,-0.317871,-0.149292
1.429688,-0.32019,-0.141846
1.440674,-0.32312,-0.13147
1.462158,-0.333252,-0.129761
1.473877,-0.336182,-0.132812
1.480103,-0.338989,-0.139771
1.485229,-0.340454,-0.145752
1.499268,-0.34021,-0.157715
1.504272,-0.337158,-0.162231
1.50354,-0.327026,-0.174438
1.515869,-0.315552,-0.185791
1.527344,-0.308105,-0.185303
1.526367,-0.310059,-0.189575
1.52832,-0.311523,-0.196899
1.528442,-0.321533,-0.199219
1.536255,-0.33252,-0.199219
1.539062,-0.334595,-0.201416
1.543945,-0.334961,-0.202148
1.547485,-0.33313,-0.203613
1.556152,-0.327637,-0.190552
1.558838,-0.322388,-0.182129
1.558594,-0.315186,-0.17334
1.556519,-0.307373,-0.166504
1.548706,-0.297363,-0.162231
1.543823,-0.289795,-0.169067
1.535767,-0.281616,-0.175659
1.533081,-0.274536,-0.179443
1.513184,-0.268188,-0.195923
1.498657,-0.267578,-0.203125
1.480835,-0.265381,-0.20752
1.456055,-0.258789,-0.203369
1.41272,-0.246826,-0.191895
1.395386,-0.237427,-0.189087
1.369995,-0.22876,-0.187134
1.352417,-0.220825,-0.184204
1.312988,-0.207886,-0.170532
1.291382,-0.200562,-0.162964
1.268799,-0.195312,-0.157471
1.246704,-0.188965,-0.152832
1.206299,-0.178711,-0.142212
1.185547,-0.175293,-0.137329
1.162231,-0.171875,-0.13208
1.141968,-0.167114,-0.127808
1.113892,-0.170898,-0.10437
1.106689,-0.173462,-0.094482
1.099976,-0.173828,-0.086426
1.085083,-0.170654,-0.082397
1.047607,-0.147339,-0.084717
1.02771,-0.128418,-0.085449
1.004028,-0.108887,-0.087769
0.975708,-0.090454,-0.089233
0.918823,-0.049561,-0.098633
0.891235,-0.027466,-0.10083
0.864258,-0.007935,-0.102417
0.836792,0.006714,-0.101929
0.794556,0.03064,-0.092773
0.772949,0.034424,-0.082642
0.750366,0.041382,-0.075439
0.733276,0.039429,-0.062012
0.700195,0.03064,-0.046021
0.684448,0.023682,-0.038574
0.674316,0.021973,-0.030396
0.663208,0.011841,-0.020508
0.657227,-0.00415,-0.006592
0.65686,-0.006348,-0.001221
0.655884,-0.007446,0.000488
0.658447,-0.005859,0.001831
0.659912,0.002319,0.006958
0.654785,0.01355,0.009766
0.649658,0.016479,0.012573
0.644165,0.021851,0.016602
0.636719,0.020874,0.022461
0.637817,0.018311,0.024536
0.638672,0.01355,0.027832
0.647339,0.008545,0.027588
0.669434,0.000244,0.022339
0.685425,-0.002808,0.022705
0.699097,-0.002686,0.024292
0.714111,-0.008423,0.025513
0.739868,-0.012329,0.022705
0.748779,-0.009644,0.018433
0.76001,-0.005493,0.016968
0.764282,-0.001343,0.016724
0.776733,0.007812,0.011597
0.786011,0.014038,0.007812
0.786011,0.022827,0.003784
0.795776,0.033447,0.00415
0.81604,0.046143,0.001343
0.835083,0.05249,-0.002319
0.851685,0.059814,-0.004761
0.870972,0.068481,-0.005737
0.90332,0.089478,-0.005981
0.914917,0.09668,-0.006348
0.924683,0.103638,-0.004517
0.936035,0.106934,-0.001709
0.960938,0.108032,0.001953
0.975342,0.105713,0.001953
0.987671,0.101562,0.002686
0.99707,0.10144,0.004272
1.02002,0.089111,0.001587
1.029419,0.086182,0.002319
1.037354,0.081665,-0.00061
1.047119,0.081909,-0.004761
1.075317,0.063599,-0.013672
1.088989,0.056641,-0.016968
1.10498,0.048828,-0.02002
1.122192,0.043213,-0.019531
1.157104,0.039551,-0.029785
1.174805,0.036499,-0.040161
1.195068,0.033203,-0.045532
1.209717,0.033447,-0.054688
1.242798,0.0271,-0.064087
1.262329,0.017456,-0.064697
1.28186,0.008301,-0.064697
1.302856,-0.003906,-0.066772
1.348145,-0.035767,-0.065674
1.369507,-0.050781,-0.067627
1.390625,-0.066284,-0.066406
1.410645,-0.078247,-0.067261
1.446167,-0.097046,-0.066162
1.463135,-0.10144,-0.064331
1.482788,-0.106567,-0.068848
1.494385,-0.108398,-0.073364
1.52002,-0.110107,-0.093994
1.530151,-0.104492,-0.102051
1.533203,-0.101196,-0.106934
1.54248,-0.094238,-0.114502
1.562866,-0.085083,-0.121948
1.574097,-0.088013,-0.125488
1.585938,-0.096802,-0.123901
1.604004,-0.105957,-0.123047
1.631714,-0.121704,-0.11084
1.644287,-0.12793,-0.104736
1.653931,-0.12793,-0.095703
1.661743,-0.128784,-0.087524
1.670654,-0.12854,-0.068481
1.672241,-0.129395,-0.056763
1.674438,-0.132324,-0.041748
1.672363,-0.133911,-0.031616
1.657471,-0.132324,-0.009766
1.651733,-0.133789,-0.006104
1.634155,-0.130737,-0.006348
1.625854,-0.134521,-0.003296
1.605713,-0.141724,-0.001465
1.600098,-0.147705,-0.001099
1.590576,-0.155762,0.006348
1.580688,-0.171021,0.012573
1.558105,-0.213745,0.033691
1.540894,-0.239136,0.048584
1.531128,-0.26416,0.072998
1.524048,-0.28186,0.082031
1.535645,-0.28479,0.109375
1.543213,-0.234131,0.111328
1.515137,-0.136597,0.098267
1.460571,-0.01062,0.073975
1.437988,0.109131,0.067871
1.438477,0.062866,0.05896
1.451904,-0.037476,0.053711
1.459961,-0.151123,0.058228
1.476074,-0.335083,0.07666
1.439209,-0.366699,0.086548
1.38623,-0.358643,0.097534
1.322754,-0.331055,0.129639
1.225464,-0.279419,0.177612
1.19519,-0.262207,0.188354
1.164795,-0.25769,0.191895
1.143677,-0.260132,0.193848
1.117798,-0.253174,0.198975
1.110718,-0.235596,0.205444
1.109619,-0.218384,0.212646
1.107056,-0.198853,0.211304
1.101807,-0.16626,0.203369
1.09729,-0.145508,0.197632
1.090454,-0.133057,0.192749
1.081177,-0.12439,0.186646
1.061646,-0.12146,0.178467
1.04834,-0.120728,0.176147
1.039917,-0.11792,0.174438
1.026367,-0.115112,0.173096
0.999512,-0.112793,0.169067
0.981445,-0.112305,0.167725
0.96582,-0.114868,0.165527
0.953613,-0.120728,0.164795
0.936279,-0.126221,0.164307
0.931152,-0.123169,0.166016
0.92688,-0.121948,0.170166
0.918213,-0.120239,0.174561
0.907837,-0.132324,0.174805
0.899414,-0.138672,0.171997
0.892578,-0.144531,0.168335
0.888672,-0.144897,0.168579
0.87439,-0.147583,0.163818
0.864136,-0.148804,0.159424
0.854614,-0.150513,0.156128
0.842041,-0.150391,0.153076
0.822388,-0.151001,0.149658
0.818359,-0.150879,0.147583
0.812256,-0.154419,0.147217
0.807983,-0.162354,0.14563
0.809692,-0.17627,0.143066
0.811279,-0.185303,0.1427
0.811646,-0.201172,0.139893
0.808228,-0.202881,0.139404
0.805542,-0.213867,0.135376
0.805908,-0.21521,0.132202
0.809692,-0.222046,0.124023
0.814209,-0.219238,0.116089
0.822144,-0.216675,0.108521
0.823608,-0.208496,0.11084
0.825928,-0.200317,0.114014
0.833252,-0.193848,0.116455
0.849121,-0.180908,0.118774
0.857544,-0.176514,0.117065
0.867188,-0.170532,0.113037
0.874023,-0.171997,0.113159
0.894409,-0.187012,0.11499
0.901245,-0.199097,0.109009
0.90686,-0.212524,0.106812
0.915405,-0.227783,0.106201
0.903809,-0.247803,0.116455
0.916138,-0.264648,0.098389
0.93396,-0.2771,0.096802
0.942871,-0.290771,0.090698
0.95813,-0.286377,0.069702
0.956177,-0.277222,0.062988
0.956665,-0.258179,0.050659
0.96814,-0.239136,0.04248
0.988647,-0.202637,0.027954
1.004883,-0.193237,0.020142
1.019287,-0.184326,0.014404
1.03186,-0.17627,0.004639
1.06604,-0.161499,-0.007568
1.089722,-0.15332,-0.008789
1.106812,-0.147339,-0.010376
1.122559,-0.144287,-0.01355
1.154785,-0.134399,-0.019775
1.171997,-0.129761,-0.023071
1.192017,-0.126099,-0.030518
1.206665,-0.127563,-0.041504
1.234375,-0.125977,-0.056152
1.237793,-0.126709,-0.065552
1.240723,-0.126587,-0.071167
1.245605,-0.131348,-0.069092
1.27002,-0.124512,-0.049683
1.284058,-0.116211,-0.040527
1.296021,-0.108521,-0.030273
1.30896,-0.104736,-0.028442
1.330688,-0.095703,-0.020752
1.33374,-0.088135,-0.018066
1.345337,-0.079224,-0.012451
1.351562,-0.074951,-0.007812
1.369263,-0.062134,-0.002441
1.377075,-0.057739,-0.003784
1.385864,-0.055298,-0.015259
1.381714,-0.04126,-0.033691
1.386353,-0.020508,-0.029663
1.399536,-0.024048,-0.02356
1.431274,-0.031616,-0.022583
1.469849,-0.03479,-0.029663
1.545898,-0.033447,-0.03772
1.577515,-0.029175,-0.035889
1.606567,-0.038696,-0.040283
1.62085,-0.049072,-0.043335
1.632446,-0.074097,-0.039673
1.633301,-0.085083,-0.031006
1.635742,-0.088257,-0.022461
1.638916,-0.083496,-0.009399
1.640869,-0.070312,0.023315
1.635376,-0.05835,0.028076
1.626099,-0.047607,0.030273
1.613281,-0.03894,0.025513
1.581543,-0.040649,0.002319
1.570557,-0.048584,0.006592
1.553345,-0.058105,0.014404
1.548584,-0.06543,0.02832
1.559326,-0.070923,0.043213
1.564575,-0.078857,0.049683
1.564209,-0.088623,0.055908
1.568481,-0.099731,0.065186
1.566284,-0.124146,0.087402
1.550659,-0.123535,0.091064
1.529297,-0.118652,0.09314
1.507568,-0.105103,0.09375
1.466797,-0.060303,0.091064
1.444214,-0.034302,0.088745
1.426758,-0.019409,0.080078
1.399292,-0.01001,0.07251
1.344116,0.007568,0.072144
1.317993,0.014893,0.07373
1.284302,0.01709,0.072998
1.256348,0.02124,0.072388
1.205444,0.015503,0.076416
1.187256,0.012207,0.077026
1.167969,0.006714,0.078613
1.148071,-0.001953,0.072998
1.110474,-0.014404,0.077393
1.091431,-0.021729,0.079834
1.07605,-0.025513,0.083618
1.062378,-0.030151,0.087158
1.027222,-0.030884,0.093262
1.00647,-0.033203,0.098267
0.987793,-0.033569,0.098877
0.943604,-0.027832,0.097778
0.901978,-0.025513,0.096191
0.881836,-0.028076,0.09021
0.861938,-0.033569,0.087036
0.842773,-0.035034,0.089844
0.809448,-0.047729,0.087158
0.795776,-0.051147,0.076782
0.785767,-0.052124,0.068481
0.77356,-0.056274,0.062744
0.747559,-0.061279,0.057129
0.739624,-0.069214,0.061523
0.736938,-0.076782,0.060303
0.733521,-0.083984,0.064575
0.716309,-0.081421,0.081055
0.705444,-0.081299,0.085938
0.688843,-0.079102,0.08728
0.681274,-0.073364,0.08728
0.652832,-0.070435,0.087036
0.645996,-0.066772,0.090942
0.6427,-0.068359,0.094116
0.635376,-0.066772,0.101074
0.634888,-0.058838,0.109009
0.638306,-0.058838,0.106934
0.634277,-0.060425,0.10791
0.626953,-0.067871,0.097412
0.626099,-0.097412,0.070679
0.634888,-0.133057,0.078369
0.626343,-0.160156,0.068237
0.627686,-0.174805,0.064453
0.650024,-0.178955,0.074707
0.652344,-0.178223,0.068726
0.647217,-0.177734,0.066284
0.647461,-0.166992,0.052368
0.644165,-0.160278,0.063477
0.646606,-0.161255,0.063354
0.649414,-0.179443,0.062012
0.647461,-0.199341,0.065063
0.663452,-0.249268,0.056641
0.671997,-0.263428,0.052368
0.675537,-0.266479,0.049927
0.678711,-0.268921,0.050903
0.679199,-0.289429,0.051514
0.691284,-0.314941,0.055298
0.712524,-0.328979,0.058594
0.734497,-0.336426,0.063843
0.771973,-0.330078,0.068726
0.776001,-0.325195,0.070312
0.770508,-0.316528,0.061401
0.764893,-0.306152,0.049805
0.756104,-0.282471,0.049194
0.765991,-0.28479,0.048096
0.778442,-0.29187,0.047363
0.801758,-0.302124,0.05188
0.823975,-0.354248,0.060547
0.84729,-0.395996,0.064209
0.869629,-0.424438,0.066895
0.900269,-0.431519,0.07666
0.952393,-0.407227,0.09314
0.97522,-0.403931,0.106567
0.992676,-0.426025,0.117676
1.005981,-0.472168,0.118408
1.043213,-0.546265,0.108032
1.074951,-0.559204,0.106689
1.098755,-0.559326,0.10083
1.115845,-0.55127,0.092041
1.14209,-0.511841,0.084106
1.148682,-0.483276,0.087524
1.167969,-0.457764,0.093628
1.164551,-0.439697,0.087646
1.1604,-0.389038,0.082764
1.171387,-0.36499,0.074585
1.168823,-0.348633,0.084473
1.17627,-0.342285,0.089355
1.194702,-0.357544,0.093506
1.21228,-0.36438,0.100098
1.227051,-0.356934,0.105469
1.235596,-0.345337,0.11084
1.24353,-0.312256,0.128784
1.244385,-0.291626,0.133789
1.246338,-0.273315,0.136963
1.245605,-0.258545,0.13855
1.242554,-0.227783,0.138184
1.233521,-0.210205,0.133301
1.228516,-0.207397,0.130005
1.212891,-0.206909,0.122192
1.199219,-0.207397,0.11792
1.20752,-0.213013,0.112183
1.211182,-0.206665,0.109985
1.213501,-0.187134,0.109009
1.230347,-0.154663,0.126221
1.232178,-0.144653,0.128906
1.228394,-0.151001,0.127441
1.236206,-0.163696,0.125977
1.237427,-0.181274,0.119629
1.230713,-0.18042,0.114624
1.235229,-0.181274,0.122803
1.240723,-0.184204,0.124146
1.266235,-0.224854,0.112061
1.262329,-0.229004,0.108398
1.253418,-0.221802,0.10144
1.249146,-0.221436,0.099976
1.239014,-0.245728,0.093506
1.230591,-0.264771,0.091309
1.229248,-0.277954,0.086792
1.231445,-0.283813,0.083496
1.224365,-0.28064,0.077026
1.219116,-0.286865,0.07312
1.213745,-0.294922,0.078613
1.212891,-0.305054,0.081909
1.220947,-0.321289,0.093384
1.220093,-0.31543,0.095825
1.228516,-0.299194,0.101196
1.229004,-0.283691,0.11438
1.209473,-0.277588,0.129517
1.209595,-0.277222,0.129272
1.194702,-0.275024,0.127075
1.174072,-0.260376,0.130005
1.140625,-0.230347,0.136597
1.125488,-0.224365,0.129883
1.118286,-0.227661,0.122803
1.111328,-0.236938,0.11499
1.106445,-0.266113,0.109131
1.101807,-0.281616,0.103882
1.093384,-0.292969,0.101318
1.085327,-0.295898,0.096924
1.071045,-0.287842,0.096558
1.058838,-0.269043,0.10083
1.04834,-0.258179,0.107178
1.049438,-0.251343,0.115723
1.048706,-0.238037,0.126587
1.047485,-0.234009,0.132446
1.036499,-0.229126,0.135254
1.028198,-0.227661,0.133179
1.030762,-0.243164,0.137329
1.036499,-0.256104,0.143555
1.02063,-0.265747,0.143677
0.997925,-0.274536,0.140259
0.961914,-0.265991,0.140015
0.943726,-0.264648,0.140869
0.935669,-0.266479,0.138672
0.924316,-0.27002,0.131592
0.914429,-0.271973,0.115356
0.90918,-0.269043,0.106812
0.89856,-0.262817,0.105103
0.893921,-0.25293,0.109985
0.901123,-0.2323,0.128052
0.908813,-0.220215,0.13501
0.913452,-0.203735,0.131958
0.91748,-0.187866,0.13501
0.907227,-0.157715,0.134766
0.901367,-0.148682,0.136963
0.900513,-0.135864,0.145142
0.898682,-0.125366,0.151245
0.90564,-0.110474,0.152466
0.904907,-0.102051,0.151367
0.902588,-0.093872,0.148438
0.898926,-0.08728,0.144287
0.883057,-0.091187,0.138184
0.874878,-0.101807,0.133545
0.868896,-0.114624,0.129517
0.865967,-0.126831,0.126831
0.859985,-0.147705,0.119629
0.857666,-0.159912,0.114136
0.857422,-0.169312,0.112427
0.860474,-0.182129,0.108398
0.873901,-0.220825,0.113525
0.878296,-0.244995,0.114136
0.881958,-0.266479,0.11377
0.881958,-0.287598,0.114136
0.884888,-0.32019,0.107422
0.891846,-0.327637,0.106934
0.901611,-0.333984,0.098877
0.914307,-0.334839,0.09436
0.932007,-0.342041,0.075928
0.947021,-0.35022,0.064209
0.959351,-0.356812,0.051758
0.969482,-0.356445,0.036743
0.981689,-0.343384,0.022827
0.994263,-0.33313,0.023315
1.004395,-0.327881,0.028442
1.01416,-0.325928,0.033691
1.035522,-0.324585,0.042969
1.049683,-0.32312,0.045898
1.057007,-0.319458,0.045532
1.070801,-0.307007,0.044922
1.099854,-0.298706,0.049805
1.111084,-0.301147,0.040649
1.129028,-0.305908,0.035156
1.148926,-0.312988,0.029785
1.176025,-0.31897,0.020996
1.189697,-0.31897,0.013306
1.20874,-0.317505,0.011841
1.248413,-0.31604,0.015991
1.279541,-0.30603,0.005249
1.296631,-0.29248,0.003906
1.305542,-0.276855,0.001465
1.319702,-0.259521,-0.002686
1.318604,-0.249634,-0.003418
1.327393,-0.251831,-0.006592
1.325928,-0.249756,-0.010132
1.325806,-0.250488,-0.011597
1.33252,-0.249023,-0.005127
1.342041,-0.245605,-0.002075
1.343994,-0.23877,0.0
1.349243,-0.22644,0.002197
1.341064,-0.209351,0.009155
1.335083,-0.201904,0.013184
1.327026,-0.192871,0.0177
1.312988,-0.185181,0.019409
1.289795,-0.173096,0.022705
1.278931,-0.162598,0.023682
1.267578,-0.1521,0.023315
1.262085,-0.141968,0.029663
1.254639,-0.133911,0.03894
1.246704,-0.129883,0.037476
1.240234,-0.116455,0.032715
1.229736,-0.103394,0.0354
1.206909,-0.074219,0.039673
1.191772,-0.060425,0.042725
1.175781,-0.05188,0.042847
1.1604,-0.048096,0.041992
1.133911,-0.044556,0.051392
1.126587,-0.043823,0.061279
1.123657,-0.04126,0.061279
1.112305,-0.032837,0.061523
1.080444,-0.002319,0.058594
1.059448,0.011108,0.053833
1.04187,0.020142,0.051636
1.018188,0.028809,0.044189
0.987183,0.045532,0.033081
0.957886,0.057129,0.025513
0.947876,0.068115,0.016113
0.929688,0.072998,0.017456
0.902222,0.078735,0.012939
0.886841,0.074585,0.007935
0.870117,0.064819,0.002441
0.855835,0.05957,-0.002319
0.825562,0.053711,-0.002075
0.814819,0.055664,0.002563
0.804321,0.057007,0.003296
0.79541,0.057983,0.000854
0.784668,0.047241,-0.002808
0.774902,0.044556,-0.004395
0.765015,0.042114,-0.005981
0.757324,0.039795,-0.000854
0.742676,0.027344,0.002441
0.736816,0.021729,0.005249
0.732544,0.014526,0.010742
0.727417,0.008667,0.013062
0.719116,-0.00354,0.020264
0.71814,-0.014771,0.024414
0.720703,-0.029297,0.03064
0.723389,-0.041748,0.032837
0.731445,-0.070801,0.039551
0.737793,-0.092041,0.045288
0.739746,-0.114136,0.051636
0.746094,-0.137207,0.054565
0.749756,-0.174438,0.062378
0.747437,-0.185059,0.070679
0.744995,-0.203491,0.074585
0.742798,-0.225586,0.078613
0.746582,-0.272095,0.077393
0.735718,-0.294678,0.073242
0.739014,-0.323975,0.078369
0.745239,-0.359131,0.07605
0.758545,-0.409302,0.068115
0.756714,-0.430542,0.065063
0.750244,-0.44812,0.064331
0.751465,-0.470337,0.067505
0.751343,-0.506714,0.061279
0.753418,-0.520264,0.059814
0.758911,-0.536255,0.059692
0.759033,-0.557617,0.052856
0.751709,-0.614746,0.056152
0.749878,-0.641968,0.057739
0.746338,-0.667358,0.060059
0.746948,-0.690796,0.06665
0.746582,-0.723877,0.08313
0.733032,-0.743652,0.094604
0.730591,-0.761475,0.101074
0.73291,-0.775513,0.105835
0.717041,-0.806763,0.129028
0.704346,-0.810059,0.132324
0.715088,-0.810913,0.141602
0.719604,-0.816895,0.148193
0.694336,-0.83313,0.142944
0.690552,-0.846069,0.13855
0.688965,-0.863892,0.12793
0.693359,-0.885864,0.120972
0.695435,-0.948242,0.096191
0.69519,-0.981079,0.086548
0.690186,-1.006714,0.079224
0.685913,-1.030518,0.073242
0.651733,-1.052368,0.075073
0.63855,-1.054321,0.075073
0.624268,-1.062378,0.076172
0.612671,-1.069946,0.075684
0.595581,-1.092163,0.069458
0.587891,-1.108398,0.06665
0.588135,-1.128662,0.059814
0.584717,-1.14502,0.056641
0.585693,-1.175049,0.062012
0.589966,-1.196655,0.058105
0.596436,-1.221191,0.049561
0.606201,-1.244751,0.038696
0.628418,-1.295166,0.020142
0.632812,-1.310547,0.008423
0.629517,-1.323242,0.002319
0.623169,-1.328491,-0.001221
0.598633,-1.332886,-0.014282
0.585571,-1.334106,-0.029175
0.578613,-1.329956,-0.041138
0.574463,-1.322876,-0.052368
0.556641,-1.29834,-0.082031
0.55188,-1.297729,-0.10083
0.553345,-1.305664,-0.119629
0.556396,-1.313843,-0.133545
0.573975,-1.338867,-0.170898
0.580566,-1.347168,-0.185425
0.586548,-1.360474,-0.193848
0.59729,-1.371216,-0.200928
0.608398,-1.393921,-0.19812
0.624146,-1.396362,-0.181152
0.644531,-1.390015,-0.175537
0.657471,-1.384521,-0.177856
0.662476,-1.366577,-0.202759
0.648193,-1.362671,-0.212769
0.626831,-1.359131,-0.227173
0.602051,-1.351318,-0.24231
0.566772,-1.339844,-0.279785
0.556274,-1.3302,-0.296509
0.549316,-1.31543,-0.308716
0.544312,-1.297974,-0.315796
0.542847,-1.248901,-0.328369
0.537354,-1.229736,-0.336792
0.532104,-1.213867,-0.342773
0.523682,-1.200317,-0.343506
0.513306,-1.164551,-0.3396
0.512695,-1.140747,-0.338013
0.512573,-1.118652,-0.330811
0.512329,-1.096069,-0.320312
0.506226,-1.052124,-0.307495
0.499512,-1.024414,-0.310547
0.491699,-0.994507,-0.30835
0.478638,-0.962769,-0.307007
0.450073,-0.900513,-0.309326
0.442261,-0.871338,-0.314453
0.43457,-0.855469,-0.323853
0.429077,-0.840088,-0.32251
0.423218,-0.821533,-0.30835
0.421631,-0.818604,-0.305298
0.420288,-0.814697,-0.300537
0.416016,-0.809448,-0.293701
0.394775,-0.783691,-0.27832
0.376221,-0.765747,-0.273071
0.355347,-0.746948,-0.265991
0.336426,-0.727417,-0.260498
0.30603,-0.695557,-0.254639
0.294189,-0.687012,-0.259277
0.290649,-0.686401,-0.265869
0.291138,-0.682129,-0.267578
0.299194,-0.668213,-0.264526
0.302856,-0.656128,-0.26001
0.305176,-0.643555,-0.249023
0.304565,-0.633911,-0.236938
0.295044,-0.61084,-0.214233
0.294312,-0.594238,-0.199951
0.289795,-0.571899,-0.192139
0.291626,-0.548828,-0.182251
0.283081,-0.506592,-0.166992
0.280151,-0.489136,-0.174194
0.282227,-0.470459,-0.193237
0.289062,-0.455078,-0.189819
0.311279,-0.445312,-0.165161
0.321411,-0.441528,-0.164673
0.329712,-0.429077,-0.161499
0.341187,-0.378662,-0.139893
0.338379,-0.306152,-0.109253
0.330322,-0.272339,-0.096313
0.316895,-0.239136,-0.080444
0.305664,-0.206665,-0.06958
0.297852,-0.133179,-0.054199
0.289429,-0.101562,-0.048096
0.281738,-0.073975,-0.05127
0.272705,-0.046387,-0.045044
0.245483,-0.022583,-0.023926
0.229004,-0.020386,-0.025391
0.217163,-0.026611,-0.025513
0.210205,-0.032593,-0.027466
0.228149,-0.029053,-0.035645
0.244263,-0.023804,-0.026855
0.248413,-0.010254,-0.009644
0.248779,0.003662,-0.001221
0.214844,0.045776,0.022461
0.186279,0.081543,0.034302
0.156616,0.123901,0.047607
0.124878,0.176514,0.06311
0.05542,0.273071,0.081909
0.016602,0.306885,0.080322
-0.032227,0.331299,0.081665
-0.077759,0.354614,0.089478
-0.151367,0.36731,0.101074
-0.18335,0.354492,0.112305
-0.209839,0.335571,0.130371
-0.235107,0.303467,0.151367
-0.28064,0.248047,0.189697
-0.298462,0.219604,0.203369
-0.315308,0.203369,0.227295
-0.339844,0.183594,0.260376
-0.408203,0.125854,0.308105
-0.474365,0.09082,0.310059
-0.547119,0.041138,0.315674
-0.639526,-0.018066,0.328979
-0.876099,-0.151978,0.389526
-1.009033,-0.2146,0.424561
-1.149902,-0.254272,0.455688
-1.283081,-0.284668,0.473633
-1.528198,-0.314575,0.509644
-1.607788,-0.340088,0.513794
-1.661133,-0.370361,0.511963
-1.674927,-0.409424,0.494873
-1.57605,-0.616211,0.440308
-1.496338,-0.784912,0.42688
-1.429932,-0.947632,0.440308
-1.368042,-1.119263,0.478394
-1.355835,-1.412476,0.572388
-1.398438,-1.526001,0.615601
-1.469971,-1.62915,0.647827
-1.553345,-1.719116,0.658325
-1.641724,-1.783813,0.580811
-1.612305,-1.72168,0.464111
-1.541992,-1.595459,0.285278
-1.455078,-1.463257,0.077271
-1.174683,-1.405518,-0.266479
-0.978882,-1.555542,-0.410034
-0.760376,-1.799561,-0.530762
-0.522583,-2.039429,-0.571045
-0.041992,-2.365601,-0.397339
0.205322,-2.48999,-0.27124
0.411011,-2.618286,-0.145508
0.615479,-2.708374,-0.014648
0.865234,-2.681396,0.358765
0.917847,-2.532471,0.657104
0.822388,-2.368042,0.898438
0.483643,-2.229614,1.050781
-0.890991,-2.232544,1.265869
-1.717407,-2.336548,1.377075
-2.577637,-2.439819,1.515381
-3.310181,-2.360352,1.624146
-2.898682,-1.762085,1.530762
-1.635864,-1.568726,1.381592
-0.270752,-1.64624,1.368286
0.825928,-1.825806,1.425903
1.707764,-2.265015,1.654297
1.784912,-2.310303,1.653442
1.863281,-2.149292,1.474121
2.124878,-1.744873,1.153931
3.196045,-1.04541,0.600342
2.716553,-0.705322,0.199097
2.001587,-0.308838,0.259155
1.125122,-0.103882,0.417969
-0.125244,0.222656,0.714478
-0.456299,0.446045,0.829956
-0.602051,0.594604,0.908691
-0.536987,0.600464,1.001587
-0.156372,0.333008,1.157959
-0.187134,0.121826,1.152344
-0.378784,-0.082153,1.275757
-0.60083,-0.3125,1.480713
-0.974243,-0.620483,1.575439
-1.005249,-0.995605,1.271118
-0.872681,-1.302002,1.129028
-0.629028,-1.633911,0.999146
-0.009888,-2.085327,0.75293
0.295776,-2.088745,0.646362
0.511719,-2.031738,0.514771
0.619141,-1.906494,0.307861
0.615967,-1.216553,0.172119
0.843994,-0.847534,0.263672
0.849121,-0.729248,0.24353
0.674561,-0.561768,0.118042
0.599731,-0.557129,-0.066162
0.506958,-0.811646,-0.101685
0.448486,-1.026978,-0.138672
0.469116,-1.167969,-0.136841
0.404785,-1.343384,-0.087036
0.342651,-1.391846,-0.071655
0.319946,-1.419189,-0.058228
0.310913,-1.395996,-0.0448
0.148438,-1.283447,-0.101074
0.004761,-1.245728,-0.121338
-0.088257,-1.238159,-0.12146
-0.134155,-1.30127,-0.08606
-0.30249,-1.124878,-0.101562
-0.37561,-0.854126,-0.163086
-0.441528,-0.643677,-0.152466
-0.47229,-0.429443,-0.131958
-0.610474,-0.240356,-0.222412
-0.68335,-0.329224,-0.321411
-0.687988,-0.51001,-0.400269
-0.637329,-0.727051,-0.442627
-0.440186,-1.085693,-0.463623
-0.344849,-1.195435,-0.505371
-0.266602,-1.281982,-0.545532
-0.180542,-1.296265,-0.55603
0.071411,-1.184692,-0.486206
0.140625,-1.055664,-0.378418
0.149292,-0.905762,-0.269653
0.129517,-0.799194,-0.1604
0.021729,-0.68689,-0.115479
-0.110718,-0.690308,-0.212891
-0.247314,-0.707031,-0.233154
-0.330444,-0.682617,-0.173584
-0.411865,-0.494385,-0.011475
-0.396484,-0.400513,0.010986
-0.36438,-0.340698,0.019897
-0.346313,-0.29187,0.037964
-0.356445,-0.288208,0.12207
-0.346802,-0.274658,0.193604
-0.291992,-0.260376,0.258423
-0.281128,-0.259644,0.313843
-0.297974,-0.253662,0.351318
-0.311035,-0.283691,0.353638
-0.314575,-0.328735,0.381348
-0.320679,-0.356567,0.413086
-0.286743,-0.53186,0.488892
-0.113647,-0.653931,0.568115
-0.14209,-0.776001,0.439209
-0.178101,-0.952881,0.382568
-0.031372,-1.327637,0.456055
-0.311523,-1.694946,0.721191
-0.448242,-1.679443,0.59314
-0.322388,-1.924316,0.657471
-0.130371,-2.034546,0.78894
0.150757,-2.021851,0.821899
0.259399,-1.881836,0.858032
0.312012,-1.894287,0.778442
-0.186646,-1.893066,0.929077
-0.242798,-1.814087,0.962769
-0.241211,-1.793091,0.945557
-0.212646,-1.678223,0.862427
-0.288208,-1.324219,0.802612
-0.276123,-1.167358,0.794067
0.105225,-1.103149,0.742065
-0.109741,-0.85791,0.839966
-0.268433,-0.952271,0.486084
0.671631,-0.762939,0.650879
0.555908,-0.984741,0.411011
0.244629,-0.809082,0.306641
-0.096924,-0.854492,0.559326
-0.492676,-0.878296,0.68457
-0.648438,-0.843994,0.673584
-0.745361,-0.886597,0.629517
-0.796265,-0.724976,0.620239
-0.533325,-0.63147,0.706665
-0.264648,-0.689941,0.757324
-0.087524,-0.74707,0.710693
0.048096,-0.762451,0.727173
0.064697,-0.700562,0.7146
0.095825,-0.615356,0.654297
0.087524,-0.535156,0.593994
0.064331,-0.317749,0.530762
0.102661,-0.237671,0.528076
0.158203,-0.205688,0.544067
0.257568,-0.188599,0.529541
0.503052,-0.299194,0.487915
0.527222,-0.364014,0.477295
0.513428,-0.411865,0.464233
0.484863,-0.467041,0.460083
0.435425,-0.605713,0.38916
0.413086,-0.685791,0.338501
0.43042,-0.78479,0.362305
0.420776,-0.869019,0.409668
0.442749,-0.978271,0.4729
0.4646,-0.923096,0.485229
0.499268,-0.841553,0.506226
0.521973,-0.747314,0.513062
0.535156,-0.587402,0.537354
0.554077,-0.516357,0.523804
0.578125,-0.490479,0.509277
0.567627,-0.459961,0.554932
0.470825,-0.451416,0.699341
0.456299,-0.517578,0.794922
0.373779,-0.446167,0.803589
0.365112,-0.470703,0.889282
0.270264,-0.507935,0.949951
0.245728,-0.513306,0.963379
0.220825,-0.522461,0.990845
0.177124,-0.528442,1.001953
0.141846,-0.48291,1.036133
0.125977,-0.456055,1.050171
0.098022,-0.430298,1.062134
0.074463,-0.40979,1.071045
0.071411,-0.369873,1.090576
0.082642,-0.34436,1.082275
0.072266,-0.344238,1.056519
0.086792,-0.357788,1.027344
0.090576,-0.471558,0.960205
0.036255,-0.559448,0.899902
-0.00647,-0.665161,0.841309
-0.014526,-0.762329,0.788208
0.128174,-0.630127,0.804199
0.186035,-0.425293,1.019775
0.043579,-0.470703,0.998657
-0.144531,-0.594849,0.920898
-0.176514,-0.719971,0.740967
-0.108765,-0.757568,0.661621
-0.089966,-0.788696,0.676147
-0.037598,-0.818604,0.758179
0.099854,-0.829834,0.854004
0.054199,-0.830566,0.836548
0.005737,-0.864624,0.843262
0.018311,-0.928223,0.835571
0.155762,-0.93457,0.706421
0.15564,-0.845093,0.62085
0.202515,-0.735962,0.57373
0.283203,-0.63147,0.560181
0.335938,-0.529053,0.557739
0.276489,-0.489502,0.584595
0.193604,-0.458496,0.571045
0.097168,-0.482788,0.543457
0.002686,-0.529663,0.457886
-0.005371,-0.552368,0.426514
-0.01062,-0.600342,0.404907
-0.009521,-0.695435,0.369385
0.062012,-0.852661,0.330444
0.096802,-0.895142,0.3573
0.105835,-0.919312,0.393799
0.105835,-0.930786,0.434937
0.12207,-0.929077,0.518311
0.124756,-0.917236,0.557861
0.105835,-0.890015,0.600586
0.078491,-0.849731,0.657227
0.037109,-0.775635,0.807861
0.012817,-0.720581,0.841553
-0.011475,-0.660156,0.86499
-0.02063,-0.602661,0.88916
-0.003418,-0.571655,0.920532
0.019165,-0.595093,0.922241
0.045654,-0.621582,0.916992
0.084473,-0.650269,0.913696
0.166138,-0.696777,0.887451
0.20105,-0.722778,0.873047
0.238525,-0.759277,0.86731
0.280151,-0.814209,0.864502
0.368408,-0.890381,0.821533
0.411133,-0.890015,0.778809
0.449219,-0.874146,0.741211
0.471924,-0.875366,0.709595
0.441528,-0.836426,0.660522
0.40564,-0.820801,0.643555
0.356812,-0.810669,0.627563
0.317139,-0.818481,0.602539
0.252075,-0.840332,0.549561
0.218994,-0.865845,0.528931
0.213867,-0.865356,0.51062
0.216553,-0.871582,0.485229
0.203247,-0.867798,0.448975
0.177368,-0.84436,0.437622
0.149658,-0.811157,0.430176
0.043579,-0.750366,0.436035
-0.054077,-0.707153,0.462036
-0.083252,-0.681885,0.466309
-0.101929,-0.653687,0.46228
-0.121094,-0.62793,0.461914
-0.129883,-0.606323,0.466431
-0.119263,-0.585083,0.45874
-0.116333,-0.582031,0.440796
-0.118774,-0.581909,0.423584
-0.120605,-0.594849,0.411743
-0.108154,-0.656738,0.389771
-0.093994,-0.706665,0.37207
-0.069214,-0.744507,0.353149
-0.03186,-0.784424,0.331787
0.049927,-0.915649,0.286255
0.079468,-0.998657,0.257935
0.109497,-1.070679,0.235962
0.137329,-1.131714,0.221069
0.167236,-1.220093,0.192627
0.16272,-1.243164,0.19812
0.147095,-1.252319,0.214233
0.12146,-1.238037,0.23938
0.067627,-1.172241,0.281616
0.03125,-1.128662,0.300049
-0.002197,-1.084961,0.314209
-0.03064,-1.04187,0.32019
-0.075928,-0.968872,0.320679
-0.081543,-0.939575,0.324219
-0.089478,-0.940918,0.324341
-0.0979,-0.949219,0.325928
-0.061646,-0.969971,0.325073
-0.030029,-0.978516,0.32373
-0.001709,-0.977295,0.323486
0.021606,-0.974976,0.320557
0.051758,-0.934204,0.322876
0.05127,-0.918579,0.321655
0.043823,-0.893555,0.317749
0.036987,-0.870117,0.312012
-0.001465,-0.854248,0.305786
-0.022217,-0.85144,0.310913
-0.042725,-0.839111,0.310547
-0.042969,-0.824829,0.303101
-0.025024,-0.80603,0.282471
-0.023193,-0.799805,0.283447
-0.022827,-0.799194,0.292114
-0.02478,-0.800293,0.303711
-0.039307,-0.797607,0.296265
-0.049072,-0.794434,0.283813
-0.053101,-0.795532,0.279907
-0.062012,-0.803223,0.278198
-0.062256,-0.816772,0.282227
-0.058228,-0.834595,0.282837
-0.057617,-0.862671,0.282593
-0.052124,-0.886597,0.275146
-0.037964,-0.934326,0.279053
-0.020264,-0.954346,0.285645
-0.000244,-0.962402,0.292725
0.022949,-0.968506,0.295898
0.051147,-0.981934,0.303589
0.046265,-0.978271,0.305786
0.03418,-0.966919,0.294922
0.023071,-0.953857,0.283081
0.010742,-0.937744,0.263794
0.010254,-0.936646,0.248657
0.016968,-0.941772,0.234497
0.023682,-0.946899,0.22229
0.039673,-0.952026,0.214722
0.04541,-0.953491,0.214478
0.048828,-0.952881,0.217896
0.053223,-0.955688,0.227783
0.067139,-0.973145,0.24646
0.075317,-0.978882,0.248779
0.084229,-0.990479,0.248169
0.093506,-1.0,0.243042
0.107178,-1.034546,0.246704
0.118042,-1.045044,0.248291
0.121582,-1.040894,0.253662
0.127808,-1.04187,0.255127
0.130615,-1.035767,0.255859
0.133789,-1.037109,0.25769
0.134033,-1.038818,0.261597
0.130737,-1.040039,0.268188
0.115356,-1.027466,0.287476
0.110474,-1.010742,0.292358
0.107422,-0.994507,0.292358
0.106689,-0.982544,0.29248
0.135864,-1.011719,0.285278
0.150879,-1.025024,0.281616
0.157471,-1.040894,0.296631
0.171875,-1.060547,0.315308
0.164673,-1.097412,0.327026
0.152954,-1.107788,0.33374
0.142944,-1.112061,0.335693
0.128784,-1.098267,0.341187
0.105469,-1.044556,0.346802
0.100464,-1.019653,0.342285
0.095337,-1.003174,0.335205
0.095459,-0.996948,0.329224
0.083984,-1.004517,0.300415
0.082153,-1.012085,0.27771
0.081543,-1.026245,0.257568
0.078369,-1.029419,0.24231
0.070312,-1.017944,0.208252
0.063843,-1.007812,0.194214
0.064453,-1.002197,0.185669
0.06543,-1.008179,0.180298
0.073242,-1.028442,0.171875
0.081543,-1.034424,0.171509
0.08606,-1.034668,0.172974
0.092896,-1.032593,0.178101
0.098511,-1.054199,0.197998
0.102783,-1.075806,0.201782
0.109497,-1.095337,0.206787
0.11084,-1.108032,0.212036
0.120605,-1.117676,0.217163
0.120239,-1.114502,0.220093
0.11499,-1.104858,0.221191
0.108887,-1.094727,0.223633
0.096802,-1.06543,0.230103
0.094482,-1.052246,0.228516
0.09729,-1.042114,0.227173
0.106323,-1.036133,0.228027
0.130737,-1.034546,0.223633
0.142822,-1.031738,0.217285
0.152588,-1.029541,0.218018
0.162598,-1.030273,0.224976
0.181396,-1.03772,0.241699
0.188599,-1.035278,0.253052
0.199341,-1.035156,0.261719
0.207642,-1.040527,0.27063
0.21814,-1.051636,0.281128
0.223755,-1.056519,0.284302
0.220825,-1.053833,0.288818
0.215942,-1.053467,0.292236
0.197632,-1.039551,0.289429
0.184692,-1.030396,0.290527
0.177002,-1.02002,0.287109
0.169678,-1.013916,0.278931
0.165161,-1.004028,0.263794
0.16626,-1.00354,0.254639
0.1698,-1.014038,0.251343
0.174561,-1.02478,0.252075
0.195679,-1.038696,0.253174
0.205688,-1.046509,0.252197
0.217529,-1.057861,0.246216
0.223755,-1.064819,0.239746
0.225464,-1.083374,0.242554
0.223145,-1.079834,0.251343
0.231201,-1.074829,0.244385
0.229736,-1.079956,0.258911
0.214966,-1.037476,0.244629
0.20459,-1.015381,0.253662
0.192261,-0.994995,0.25
0.174316,-0.984863,0.260132
0.179932,-0.944946,0.251587
0.164307,-0.930542,0.233765
0.166748,-0.923462,0.23877
0.160156,-0.912842,0.241943
0.15686,-0.920776,0.234741
0.150024,-0.923828,0.222168
0.144653,-0.92749,0.211792
0.137695,-0.930786,0.204224
0.122925,-0.945068,0.191895
0.119873,-0.944702,0.188721
0.114624,-0.941284,0.18811
0.11084,-0.939697,0.176392
0.104614,-0.937622,0.150635
0.104736,-0.934814,0.143066
0.098022,-0.932129,0.138794
0.095337,-0.928589,0.140015
0.090576,-0.914185,0.148193
0.082764,-0.905884,0.143921
0.072876,-0.904541,0.136475
0.065918,-0.902588,0.130005
0.060303,-0.913086,0.141113
0.059692,-0.917236,0.151489
0.059448,-0.922485,0.159912
0.059937,-0.926025,0.169312
0.072021,-0.928955,0.1875
0.073608,-0.923828,0.187134
0.076172,-0.917603,0.184326
0.080444,-0.908325,0.176636
0.089844,-0.89563,0.159058
0.099609,-0.883911,0.141968
0.096558,-0.877808,0.135742
0.090698,-0.871582,0.130859
0.082031,-0.856201,0.129761
0.085815,-0.848511,0.132202
0.093628,-0.84082,0.136597
0.102539,-0.834839,0.142456
0.12915,-0.839111,0.153564
0.135864,-0.84021,0.157715
0.146729,-0.841675,0.161865
0.163818,-0.84314,0.164795
0.214966,-0.852417,0.163208
0.237671,-0.853882,0.163452
0.251221,-0.851318,0.158691
0.25708,-0.848877,0.155151
0.269775,-0.833374,0.126587
0.294189,-0.831055,0.12085
0.284302,-0.836304,0.12561
0.275391,-0.831055,0.120483
0.303711,-0.822876,0.117065
0.30896,-0.819214,0.109131
0.320923,-0.818726,0.108276
0.336548,-0.83374,0.115601
0.353516,-0.86731,0.117188
0.356323,-0.871826,0.125
0.365967,-0.874268,0.132812
0.375488,-0.878906,0.142578
0.379028,-0.89209,0.150635
0.379517,-0.890747,0.158325
0.381714,-0.889526,0.163452
0.381226,-0.882202,0.166626
0.374512,-0.863647,0.169312
0.37793,-0.855591,0.168213
0.379883,-0.8573,0.162476
0.385864,-0.862305,0.155884
0.408813,-0.862061,0.145874
0.4198,-0.860229,0.144165
0.425781,-0.858887,0.140381
0.42688,-0.852539,0.136475
0.425049,-0.853516,0.127075
0.42749,-0.860718,0.123535
0.429199,-0.86499,0.118164
0.432129,-0.865356,0.115845
0.448242,-0.863281,0.111694
0.456787,-0.863037,0.111206
0.468628,-0.858887,0.113281
0.471069,-0.856934,0.117065
0.479248,-0.84375,0.124268
0.477661,-0.84082,0.125854
0.476562,-0.842651,0.122803
0.473999,-0.847534,0.124268
0.46936,-0.849365,0.125122
0.469727,-0.845459,0.126709
0.470825,-0.845703,0.125488
0.475708,-0.842529,0.120117
0.482422,-0.84082,0.104248
0.48584,-0.841675,0.098633
0.485107,-0.840454,0.088989
0.490845,-0.840332,0.081421
0.491089,-0.841187,0.062378
0.495728,-0.846069,0.061401
0.505615,-0.85083,0.065186
0.517822,-0.856934,0.079712
0.542969,-0.871216,0.119385
0.557617,-0.878418,0.135986
0.567505,-0.883179,0.157471
0.585571,-0.884033,0.179565
0.60498,-0.870972,0.209473
0.608521,-0.86438,0.215454
0.609497,-0.854004,0.211426
0.612671,-0.848511,0.208374
0.622192,-0.844727,0.198853
0.627441,-0.839722,0.197754
0.627319,-0.83374,0.19397
0.627808,-0.826416,0.190186
0.616943,-0.802856,0.187012
0.609985,-0.794922,0.184937
0.60437,-0.783325,0.186401
0.603394,-0.776245,0.183838
0.606079,-0.767944,0.187622
0.611938,-0.759644,0.191528
0.617676,-0.74939,0.194092
0.624878,-0.738159,0.192383
0.622925,-0.715454,0.161987
0.620605,-0.706421,0.153687
0.614624,-0.700073,0.144653
0.61853,-0.69751,0.139771
0.632568,-0.705322,0.142944
0.643066,-0.714111,0.146973
0.660767,-0.7229,0.154419
0.678101,-0.727661,0.162964
0.710938,-0.720947,0.178589
0.724731,-0.708984,0.180298
0.728638,-0.695312,0.179321
0.726318,-0.676147,0.178711
0.743164,-0.648315,0.165894
0.731567,-0.634155,0.153442
0.72168,-0.614014,0.133789
0.707031,-0.594849,0.13208
0.689819,-0.580688,0.150391
0.686768,-0.584351,0.165161
0.689331,-0.590088,0.182861
0.725098,-0.609619,0.211304
0.742798,-0.626343,0.216797
0.741699,-0.635376,0.211182
0.736572,-0.640625,0.198975
0.731323,-0.650269,0.179077
0.723755,-0.649536,0.147949
0.720581,-0.636719,0.134155
0.717407,-0.617188,0.124023
0.713501,-0.599121,0.118042
0.712646,-0.586792,0.114136
0.712036,-0.593384,0.115479
0.709229,-0.602295,0.112427
0.706055,-0.614136,0.111816
0.702393,-0.635742,0.120117
0.708008,-0.646851,0.136597
0.71875,-0.65918,0.151489
0.730835,-0.668091,0.162964
0.762207,-0.688354,0.182007
0.772095,-0.689087,0.184692
0.780762,-0.686401,0.191162
0.79248,-0.679565,0.194702
0.806519,-0.66272,0.185791
0.810791,-0.653931,0.172119
0.811768,-0.645508,0.163086
0.810425,-0.630859,0.151733
0.802124,-0.595947,0.12561
0.790649,-0.577759,0.121216
0.786499,-0.563721,0.115723
0.782227,-0.559692,0.109863
0.774902,-0.565186,0.092407
0.771118,-0.571899,0.096313
0.768311,-0.574219,0.101074
0.772827,-0.565674,0.114014
0.772461,-0.565918,0.134888
0.770142,-0.562134,0.146362
0.762207,-0.552124,0.15625
0.757324,-0.539917,0.163208
0.744263,-0.528687,0.166748
0.739746,-0.52478,0.164307
0.739502,-0.519897,0.163086
0.739014,-0.518433,0.160278
0.747437,-0.518433,0.147461
0.754517,-0.523071,0.143555
0.764648,-0.524902,0.13562
0.772339,-0.520874,0.12561
0.783813,-0.52002,0.105713
0.782471,-0.52417,0.102417
0.785522,-0.522705,0.102173
0.794067,-0.526855,0.112305
0.806152,-0.528198,0.117798
0.819824,-0.525146,0.116089
0.836426,-0.524658,0.113037
0.828247,-0.542358,0.115845
0.834595,-0.557739,0.117798
0.838745,-0.552002,0.123169
0.844727,-0.550537,0.124146
0.842651,-0.542236,0.128052
0.828613,-0.518066,0.134277
0.817749,-0.511108,0.132568
0.807983,-0.504517,0.126953
0.801025,-0.496826,0.119141
0.781738,-0.480957,0.108398
0.772339,-0.466309,0.110962
0.763062,-0.449463,0.108398
0.764282,-0.435425,0.098877
0.76062,-0.439575,0.088867
0.760986,-0.445801,0.090332
0.770752,-0.452026,0.086426
0.782715,-0.460693,0.087036
0.787231,-0.474731,0.093262
0.787598,-0.479126,0.093628
0.788452,-0.479736,0.091675
0.793945,-0.474976,0.088623
0.799805,-0.456665,0.082031
0.803711,-0.44812,0.084229
0.802979,-0.433472,0.08313
0.803467,-0.425415,0.080811
0.804321,-0.412964,0.093628
0.805786,-0.413818,0.100342
0.804565,-0.415405,0.102905
0.80481,-0.419189,0.10498
0.799072,-0.427002,0.124268
0.802979,-0.439575,0.137451
0.806152,-0.449951,0.148926
0.812134,-0.458618,0.157227
0.821777,-0.479248,0.159546
0.822266,-0.484741,0.160522
0.820435,-0.490112,0.160767
0.815674,-0.499146,0.153931
0.815674,-0.494019,0.137939
0.81604,-0.488281,0.130737
0.817505,-0.483521,0.123901
0.812622,-0.475464,0.120728
0.802979,-0.473511,0.118774
0.80188,-0.475952,0.125732
0.804443,-0.474976,0.130615
0.802734,-0.47229,0.13916
0.803101,-0.461792,0.156006
0.804199,-0.463135,0.163452
0.802368,-0.464966,0.166748
0.807007,-0.472778,0.171143
0.817871,-0.49585,0.170898
0.824463,-0.506104,0.170654
0.827393,-0.516968,0.168823
0.832031,-0.525024,0.168945
0.821289,-0.525146,0.174316
0.815674,-0.520264,0.174561
0.810669,-0.516724,0.177979
0.806763,-0.511597,0.182007
0.816162,-0.524536,0.197021
0.822144,-0.528442,0.196289
0.833252,-0.533569,0.194946
0.838989,-0.538208,0.190063
0.851685,-0.540405,0.188721
0.856812,-0.540161,0.192749
0.864014,-0.540649,0.201172
0.872559,-0.538208,0.201294
0.883057,-0.53833,0.205811
0.890869,-0.535889,0.21228
0.895386,-0.536743,0.21936
0.896362,-0.534912,0.223389
0.904297,-0.53772,0.237793
0.908081,-0.543457,0.245361
0.911011,-0.546143,0.251099
0.913574,-0.556396,0.252808
0.914917,-0.569824,0.261108
0.917358,-0.574097,0.265137
0.914917,-0.572266,0.270264
0.91626,-0.568848,0.272217
0.914429,-0.559448,0.268188
0.910156,-0.55896,0.264404
0.905396,-0.55896,0.258301
0.905396,-0.557251,0.25061
0.898682,-0.543457,0.237183
0.898315,-0.533325,0.229858
0.89624,-0.526489,0.231812
0.895752,-0.521606,0.230103
0.89209,-0.508301,0.231323
0.88501,-0.506592,0.231323
0.883179,-0.504639,0.230347
0.875,-0.498535,0.233154
0.867065,-0.506104,0.24353
0.863159,-0.517944,0.246338
0.858643,-0.529907,0.246704
0.851807,-0.539673,0.249023
0.840942,-0.545898,0.23877
0.818726,-0.554321,0.234619
0.817871,-0.555176,0.224487
0.807983,-0.550171,0.217529
0.809937,-0.536987,0.208252
0.813354,-0.529785,0.202881
0.810669,-0.521851,0.198364
0.805054,-0.516968,0.197144
0.803345,-0.511475,0.194336
0.799561,-0.510498,0.194458
0.796021,-0.503052,0.197754
0.794678,-0.490723,0.200439
0.785522,-0.456909,0.207397
0.78479,-0.443237,0.216553
0.784302,-0.438599,0.223022
0.780273,-0.431152,0.223022
0.773193,-0.433105,0.223145
0.771484,-0.430298,0.217041
0.772827,-0.427124,0.213379
0.773193,-0.422607,0.20874
0.783691,-0.414795,0.200928
0.78479,-0.40918,0.195435
0.786255,-0.399902,0.189941
0.786499,-0.392944,0.18396
0.790771,-0.380005,0.173096
0.793823,-0.377075,0.164551
0.800293,-0.375854,0.15625
0.807739,-0.37207,0.14856
0.822388,-0.368042,0.14624
0.828125,-0.36731,0.149536
0.834717,-0.366455,0.153809
0.838623,-0.36499,0.151367
0.845093,-0.351807,0.158936
0.851196,-0.346802,0.175293
0.860596,-0.349365,0.190186
0.869873,-0.349365,0.20105
0.884766,-0.354492,0.209229
0.890991,-0.356445,0.211548
0.895752,-0.358032,0.209839
0.901123,-0.362427,0.202881
0.90686,-0.360229,0.19165
0.911865,-0.358032,0.192139
0.916382,-0.356812,0.191528
0.921631,-0.35376,0.188477
0.917114,-0.349121,0.183105
0.916504,-0.346802,0.180298
0.918457,-0.352051,0.179565
0.916626,-0.353638,0.182251
0.919189,-0.369019,0.188965
0.921631,-0.379028,0.188354
0.925415,-0.388794,0.190552
0.923706,-0.39624,0.187744
0.923218,-0.396729,0.187012
0.923096,-0.393311,0.186646
0.922974,-0.386963,0.188477
0.926758,-0.370728,0.192627
0.926147,-0.362305,0.193481
0.922852,-0.355225,0.190063
0.91748,-0.353638,0.191406
0.914307,-0.354126,0.191895
0.911499,-0.346436,0.189941
0.922363,-0.352295,0.187256
0.920898,-0.354492,0.193237
