1.397583,-1.20813,1.394653
1.255371,-1.077881,1.503174
1.160034,-1.064941,1.53772
1.042847,-1.086914,1.552612
0.954224,-1.134644,1.527832
0.806152,-1.28125,1.454102
0.80835,-1.398682,1.45459
0.800659,-1.505249,1.430176
0.798218,-1.654785,1.425171
0.745117,-2.011475,1.403442
0.718018,-2.211182,1.431763
0.687622,-2.384644,1.460205
0.657104,-2.532837,1.501587
0.575684,-2.693848,1.566895
0.531738,-2.702759,1.582275
0.488403,-2.643799,1.598999
0.446289,-2.559326,1.587524
0.275513,-2.34375,1.567871
0.225586,-2.208618,1.530518
0.166748,-2.049194,1.447998
0.133179,-1.955688,1.410522
0.085083,-1.70752,1.279175
0.064331,-1.574097,1.196533
0.047974,-1.491821,1.156616
0.034912,-1.363037,1.095947
0.021606,-1.187134,1.038818
0.010376,-1.116699,1.014771
-0.001099,-1.073853,0.993774
-0.028809,-1.018799,0.968628
-0.094971,-0.918457,0.909912
-0.130127,-0.868774,0.888184
-0.158936,-0.837524,0.860718
-0.188965,-0.796387,0.829956
-0.240479,-0.738647,0.772461
-0.263184,-0.713135,0.737183
-0.270142,-0.712036,0.712891
-0.268921,-0.699707,0.67627
-0.254883,-0.642822,0.617554
-0.243286,-0.616699,0.584473
-0.241821,-0.598022,0.551025
-0.242188,-0.578735,0.519287
-0.250366,-0.520996,0.467896
-0.252197,-0.451538,0.418823
-0.252197,-0.451538,0.418823
-0.258911,-0.392456,0.342529
-0.274536,-0.34021,0.297363
-0.280762,-0.316772,0.285645
-0.288208,-0.291016,0.273193
-0.295166,-0.269531,0.263184
-0.301147,-0.247925,0.253662
-0.293213,-0.236816,0.256226
-0.298706,-0.231323,0.264526
-0.301514,-0.219971,0.255981
-0.33252,-0.200806,0.281982
-0.335815,-0.189697,0.289429
-0.332642,-0.188599,0.293213
-0.32959,-0.208252,0.294312
-0.307373,-0.251709,0.312866
-0.297241,-0.274292,0.328613
-0.288452,-0.292236,0.355713
-0.281982,-0.307129,0.384521
-0.274414,-0.339966,0.426758
-0.270752,-0.365723,0.447632
-0.263916,-0.386841,0.460449
-0.23999,-0.405273,0.458008
-0.231689,-0.421143,0.461304
-0.228149,-0.422729,0.459106
-0.221558,-0.426392,0.447876
-0.210205,-0.432251,0.431152
-0.172974,-0.453369,0.427368
-0.14978,-0.467163,0.445557
-0.131714,-0.474976,0.465088
-0.119995,-0.483643,0.487305
-0.109253,-0.516968,0.571411
-0.109375,-0.54895,0.629639
-0.108887,-0.584351,0.693481
-0.098511,-0.625977,0.757568
-0.060669,-0.716553,0.885376
-0.024292,-0.747437,0.93689
0.052246,-0.768799,0.963379
0.092163,-0.803345,0.98938
0.141357,-0.837402,1.014771
0.168335,-0.835571,1.009888
0.209106,-0.824585,0.996216
0.215698,-0.816406,1.001953
0.185547,-0.845215,0.994385
0.1604,-0.880127,0.987793
0.138184,-0.940796,0.976196
0.119141,-1.029297,0.966309
0.112549,-1.208008,0.945923
0.124023,-1.260498,0.938477
0.134399,-1.282593,0.937256
0.156738,-1.27771,0.93811
0.254395,-1.229126,0.908203
0.295288,-1.224609,0.895264
0.346436,-1.25,0.884888
0.382202,-1.255249,0.885376
0.445068,-1.231445,0.875977
0.476318,-1.191895,0.865967
0.511841,-1.144165,0.8479
0.541992,-1.0896,0.828979
0.604248,-1.037231,0.781982
0.622437,-1.050537,0.763184
0.643188,-1.074829,0.754272
0.660889,-1.090332,0.746216
0.670288,-1.106934,0.720947
0.666016,-1.129272,0.705688
0.657715,-1.175537,0.703491
0.653564,-1.220093,0.689819
0.640137,-1.281128,0.644897
0.623901,-1.271118,0.613647
0.604126,-1.223511,0.581665
0.586304,-1.167358,0.544189
0.555664,-1.021973,0.487183
0.539307,-0.939819,0.463623
0.515869,-0.857422,0.444214
0.499146,-0.773071,0.428467
0.471802,-0.604858,0.400513
0.452026,-0.525513,0.381714
0.437378,-0.450317,0.369385
0.421509,-0.383179,0.359009
0.382324,-0.266479,0.320435
0.363525,-0.214966,0.302246
0.346436,-0.170288,0.288818
0.333374,-0.132812,0.276489
0.311157,-0.075562,0.236328
0.30127,-0.053833,0.217773
0.295044,-0.032349,0.201782
0.286377,-0.010498,0.187622
0.247559,0.003174,0.135864
0.237549,0.009766,0.123535
0.233887,0.004395,0.111938
0.232788,0.008789,0.100952
0.238892,0.00415,0.079956
0.239014,0.001221,0.07019
0.24292,-0.001587,0.064209
0.242798,-0.001221,0.06189
0.258545,-0.002441,0.054443
0.262085,-0.002197,0.049561
0.269409,0.001709,0.050659
0.272461,0.007935,0.048706
0.264404,0.020508,0.041504
0.25647,0.013428,0.049561
0.259888,-0.023682,0.061279
0.276978,-0.042603,0.063721
0.34082,-0.075073,0.083374
0.380981,-0.078369,0.097656
0.424194,-0.06958,0.116577
0.460449,-0.063965,0.138184
0.520752,-0.075562,0.172241
0.549683,-0.100586,0.1875
0.577271,-0.146729,0.213989
0.601807,-0.200439,0.252319
0.653931,-0.291626,0.340454
0.696533,-0.350708,0.391968
0.74231,-0.406616,0.451904
0.793579,-0.483276,0.507812
0.889038,-0.67688,0.639404
0.939941,-0.786621,0.70752
0.998291,-0.903564,0.768677
1.070679,-1.031616,0.835327
1.225952,-1.270752,0.981689
1.276001,-1.344604,1.036133
1.30896,-1.381836,1.067993
1.325073,-1.401245,1.051392
1.414307,-1.446899,0.928589
1.51709,-1.492798,0.877563
1.636108,-1.540894,0.854004
1.735107,-1.565796,0.865234
1.773071,-1.534912,1.03186
1.688232,-1.486084,1.18103
1.567871,-1.442627,1.331909
1.447144,-1.412842,1.463135
1.279541,-1.359131,1.619385
1.223755,-1.35022,1.631226
1.190552,-1.376099,1.611084
1.154297,-1.416748,1.572144
1.068726,-1.598267,1.443359
1.075439,-1.744019,1.402344
1.021118,-1.834106,1.341675
0.966797,-1.935547,1.309326
0.868042,-2.038208,1.223999
0.805664,-2.059082,1.186035
0.738403,-2.061523,1.164795
0.641235,-2.050049,1.147583
0.450317,-1.965454,1.124878
0.338135,-1.899414,1.115112
0.257446,-1.807861,1.104248
0.182251,-1.689209,1.098022
0.060303,-1.385986,1.097168
0.012817,-1.254639,1.12793
-0.050415,-1.106934,1.105347
-0.110596,-0.983154,1.103027
-0.172241,-0.838989,1.145996
-0.209473,-0.754517,1.1427
-0.227905,-0.687012,1.141357
-0.226929,-0.634521,1.13208
-0.217285,-0.54834,1.09021
-0.2052,-0.50769,1.065552
-0.196777,-0.464844,1.041382
-0.182251,-0.419067,1.017212
-0.169312,-0.361084,0.962891
-0.163818,-0.351074,0.937134
-0.16626,-0.331665,0.899414
-0.1698,-0.298584,0.852539
-0.179077,-0.245117,0.7854
-0.182495,-0.220825,0.765015
-0.177368,-0.220581,0.74707
-0.173828,-0.220093,0.721802
-0.161865,-0.213989,0.659424
-0.158325,-0.200439,0.629639
-0.154297,-0.193481,0.607666
-0.140503,-0.183838,0.581177
-0.138184,-0.172241,0.535767
-0.122803,-0.171509,0.508911
-0.104248,-0.185791,0.488037
-0.090698,-0.19873,0.467529
-0.080444,-0.226929,0.462891
-0.082397,-0.240845,0.480347
-0.078735,-0.246216,0.494751
-0.075317,-0.242432,0.495605
-0.077637,-0.23999,0.496948
-0.082642,-0.234131,0.494019
-0.091431,-0.210693,0.481201
-0.106567,-0.182983,0.466797
-0.126221,-0.149536,0.426147
-0.132568,-0.144409,0.407349
-0.132568,-0.144165,0.382324
-0.13562,-0.141235,0.350098
-0.137207,-0.110229,0.275391
-0.151733,-0.083008,0.217041
-0.171021,-0.080078,0.168823
-0.194702,-0.091553,0.126709
-0.217651,-0.149536,0.035156
-0.212158,-0.180786,-0.042358
-0.222778,-0.193237,-0.133057
-0.245117,-0.184692,-0.213257
-0.327637,-0.125,-0.289795
-0.36853,-0.095947,-0.307495
-0.406372,-0.075562,-0.309692
-0.490967,-0.036499,-0.271729
-0.577759,0.032349,-0.171387
-0.618774,0.054932,-0.150635
-0.655518,0.08728,-0.157227
-0.675781,0.128418,-0.173706
-0.713013,0.05603,-0.17395
-0.736328,-0.022705,-0.197388
-0.740845,-0.134399,-0.185059
-0.716309,-0.257202,-0.199951
-0.622681,-0.530029,-0.28894
-0.540527,-0.664917,-0.330811
-0.443604,-0.77417,-0.378418
-0.32605,-0.87207,-0.424683
-0.11084,-1.012573,-0.485474
0.010742,-1.010254,-0.472656
0.193726,-1.053833,-0.433716
0.388428,-1.165527,-0.395874
0.723145,-1.438232,-0.276978
0.871216,-1.575439,-0.196045
1.001465,-1.744629,-0.101929
1.120605,-1.969238,0.023315
1.383057,-2.429932,0.32605
1.499023,-2.612183,0.489746
1.610596,-2.794189,0.640381
1.700684,-2.944336,0.783203
1.803589,-3.06543,1.059326
1.786255,-3.082153,1.167358
1.745972,-3.108398,1.268921
1.719727,-3.140991,1.376953
1.556763,-3.119141,1.515259
1.500244,-3.08313,1.60144
1.435181,-2.995239,1.66333
1.346802,-2.810181,1.668701
1.187134,-2.466919,1.694946
1.10083,-2.285645,1.687744
1.009521,-2.120239,1.671997
0.90686,-1.961182,1.641602
0.70813,-1.670288,1.572021
0.587524,-1.547607,1.511353
0.497681,-1.440552,1.469849
0.406372,-1.346802,1.414673
0.24939,-1.197388,1.287231
0.17981,-1.129761,1.236206
0.142578,-1.065796,1.182251
0.085815,-0.968872,1.127808
0.003296,-0.794922,1.033081
-0.037231,-0.699829,0.977051
-0.061646,-0.608032,0.924805
-0.086548,-0.509521,0.871582
-0.126587,-0.343628,0.770264
-0.139282,-0.275879,0.72229
-0.154175,-0.217529,0.66748
-0.173584,-0.173096,0.609009
-0.233032,-0.073364,0.501343
-0.259399,-0.015991,0.450562
-0.27771,0.030518,0.393555
-0.293457,0.069336,0.335449
-0.315918,0.117676,0.206177
-0.32605,0.124756,0.156982
-0.332275,0.13269,0.116821
-0.337646,0.145996,0.076416
-0.348022,0.167969,0.009766
-0.352783,0.169922,-0.019409
-0.356201,0.172729,-0.038086
-0.358154,0.183594,-0.05835
-0.363159,0.187866,-0.125122
-0.358398,0.192993,-0.166016
-0.347412,0.199097,-0.209717
-0.334106,0.203369,-0.247192
-0.303955,0.206421,-0.31604
-0.28125,0.200684,-0.349609
-0.255493,0.200806,-0.382446
-0.237061,0.206299,-0.421021
-0.202881,0.241577,-0.474121
-0.184326,0.261597,-0.493896
-0.162598,0.283813,-0.49939
-0.146484,0.316528,-0.510376
-0.090332,0.376221,-0.507446
-0.069336,0.398315,-0.509399
-0.051636,0.421631,-0.51416
-0.030151,0.441772,-0.518433
0.01416,0.494507,-0.526855
0.029175,0.523315,-0.528564
0.041382,0.544922,-0.530884
0.052368,0.55835,-0.526611
0.089722,0.557495,-0.506592
0.112427,0.552979,-0.479126
0.135132,0.550049,-0.444458
0.162842,0.54187,-0.406128
0.204468,0.550659,-0.305176
0.230957,0.5354,-0.250488
0.26355,0.504028,-0.172363
0.293457,0.460693,-0.087402
0.392334,0.270264,0.171631
0.466431,0.10144,0.337891
0.530884,-0.168579,0.454346
0.592285,-0.533325,0.5177
0.884033,-1.743286,0.485107
1.023438,-2.121216,0.499512
1.159302,-2.447876,0.577637
1.265625,-2.696045,0.717285
1.37439,-2.920776,1.021851
1.430664,-2.932983,1.218628
1.506104,-2.903442,1.419556
1.609375,-2.858276,1.583984
1.762817,-2.757935,1.923828
1.736084,-2.661743,1.997314
1.632568,-2.565552,2.080933
1.548462,-2.470215,2.106445
1.19104,-2.467407,2.036865
1.032837,-2.556152,1.951904
0.8573,-2.695557,1.794556
0.650635,-2.852783,1.643555
0.290161,-3.291138,1.424194
0.135376,-3.513062,1.319946
0.020874,-3.725342,1.280884
-0.091919,-3.868774,1.286499
-0.218384,-3.914673,1.418945
-0.290771,-3.815796,1.488403
-0.315308,-3.64563,1.568604
-0.294312,-3.382202,1.638062
-0.407837,-2.827271,1.794067
-0.417725,-2.522461,1.821411
-0.433716,-2.254028,1.824707
-0.461914,-2.046265,1.80481
-0.453125,-1.785889,1.725952
-0.438232,-1.680298,1.648682
-0.400024,-1.598633,1.56958
-0.366699,-1.52002,1.471069
-0.311279,-1.396729,1.281982
-0.295898,-1.327881,1.188354
-0.289062,-1.25415,1.091919
-0.272583,-1.199829,1.003784
-0.255859,-1.038696,0.839111
-0.25769,-0.952637,0.76001
-0.255249,-0.870117,0.683594
-0.259033,-0.794312,0.605347
-0.272095,-0.666382,0.466431
-0.276367,-0.610596,0.402466
-0.2854,-0.5625,0.324585
-0.303223,-0.533813,0.247192
-0.322266,-0.467285,0.103271
-0.331421,-0.438965,0.0448
-0.331299,-0.418457,0.000732
-0.331665,-0.386353,-0.038208
-0.332397,-0.323853,-0.101074
-0.335571,-0.291382,-0.124756
-0.338745,-0.252075,-0.150146
-0.344238,-0.216064,-0.169556
-0.354492,-0.156982,-0.179077
-0.356445,-0.129272,-0.180054
-0.361816,-0.100708,-0.185181
-0.363403,-0.074951,-0.19104
-0.373291,-0.025146,-0.206787
-0.368896,0.002686,-0.208374
-0.374268,0.024658,-0.203125
-0.368042,0.062134,-0.212646
-0.351685,0.110352,-0.285522
-0.33667,0.126465,-0.296265
-0.32959,0.181396,-0.306763
-0.334229,0.246948,-0.318115
-0.331909,0.337036,-0.336182
-0.337769,0.383301,-0.349976
-0.301514,0.371094,-0.333496
-0.304443,0.396484,-0.300171
-0.335449,0.489014,-0.296021
-0.34082,0.493774,-0.295166
-0.329712,0.470093,-0.280518
-0.319336,0.449219,-0.257446
-0.298828,0.414062,-0.285645
-0.276978,0.420898,-0.317261
-0.268921,0.428833,-0.351196
-0.25769,0.430908,-0.415405
-0.243896,0.37146,-0.505493
-0.234009,0.332764,-0.531982
-0.243164,0.271973,-0.554077
-0.240234,0.205933,-0.568604
-0.254028,-0.043945,-0.543579
-0.265259,-0.16687,-0.524292
-0.266724,-0.285645,-0.504517
-0.27771,-0.394775,-0.51709
-0.269653,-0.598267,-0.555908
-0.268433,-0.675537,-0.55957
-0.260254,-0.757202,-0.567749
-0.237427,-0.821777,-0.572876
-0.179565,-0.8479,-0.593872
-0.124268,-0.820068,-0.584351
-0.072021,-0.783325,-0.588135
0.000122,-0.749512,-0.578613
0.139771,-0.712524,-0.492676
0.197998,-0.694336,-0.442139
0.221924,-0.677002,-0.380615
0.273193,-0.697754,-0.356567
0.397339,-0.710815,-0.411865
0.455078,-0.705566,-0.382935
0.51062,-0.703247,-0.33667
0.567627,-0.731934,-0.281738
0.6604,-0.855957,-0.027588
0.685425,-0.951172,0.166138
0.665283,-1.061279,0.376587
0.606812,-1.163574,0.60498
0.469116,-1.289429,1.008911
0.447754,-1.317383,1.13855
0.474365,-1.333618,1.213867
0.531372,-1.401733,1.217529
0.658447,-1.68457,1.142334
0.805542,-1.885132,1.128662
0.886719,-2.01416,1.1073
0.94165,-2.15686,1.096191
0.993042,-2.360718,1.120605
0.978882,-2.386108,1.137451
0.931519,-2.370239,1.160522
0.876709,-2.414795,1.1698
0.805176,-2.475098,1.248657
0.775879,-2.489502,1.297729
0.741333,-2.42981,1.349609
0.734497,-2.388306,1.457397
0.644653,-2.250977,1.633911
0.582886,-2.174072,1.694946
0.511108,-2.125854,1.732422
0.439819,-2.079468,1.746216
0.327393,-1.981689,1.69873
0.282593,-1.915283,1.664429
0.226318,-1.809692,1.552124
0.140381,-1.714966,1.466675
0.026733,-1.543213,1.338135
-0.043823,-1.408203,1.249023
-0.097778,-1.291382,1.17041
-0.151001,-1.193848,1.10083
-0.261841,-0.960327,0.966919
-0.318604,-0.855835,0.90918
-0.384277,-0.768921,0.863525
-0.44873,-0.693604,0.826294
-0.549194,-0.554932,0.750488
-0.579346,-0.514893,0.722168
-0.595947,-0.478271,0.688354
-0.599976,-0.450928,0.661133
-0.591431,-0.400757,0.621216
-0.572876,-0.399536,0.591431
-0.571899,-0.349854,0.574707
-0.565186,-0.330933,0.577881
-0.536743,-0.317627,0.491089
-0.544922,-0.342285,0.444824
-0.562744,-0.364868,0.453979
-0.562744,-0.33313,0.445923
-0.548462,-0.261475,0.404907
-0.50293,-0.246582,0.379883
-0.478638,-0.237183,0.360474
-0.442139,-0.238403,0.347534
-0.379517,-0.214844,0.283936
-0.358276,-0.185303,0.255737
-0.331055,-0.151245,0.232788
-0.308228,-0.106201,0.213379
-0.262329,-0.042114,0.194214
-0.227661,0.001831,0.166748
-0.196777,0.045166,0.140015
-0.170166,0.086914,0.115356
-0.124878,0.171021,0.068726
-0.095947,0.204468,0.057129
-0.071533,0.248657,0.045288
-0.049316,0.280151,0.028687
0.000244,0.32666,0.00647
0.019531,0.353516,0.01355
0.039551,0.365234,0.014893
0.064209,0.365845,0.009888
0.105957,0.368408,0.012817
0.126587,0.343384,0.015625
0.132446,0.335938,0.018677
0.122559,0.329224,0.030029
0.085327,0.252563,0.053223
0.067017,0.165649,0.085083
0.059692,0.074951,0.126587
0.056274,-0.012573,0.162476
0.041748,-0.231079,0.172852
0.050415,-0.398315,0.185181
0.06897,-0.568726,0.233643
0.099365,-0.755005,0.296631
0.164185,-1.204346,0.489624
0.203857,-1.467407,0.619385
0.263428,-1.745605,0.756958
0.322632,-2.027954,0.883179
0.440552,-2.564331,1.106445
0.46167,-2.755371,1.299316
0.455688,-2.923828,1.503906
0.404663,-3.113647,1.601196
0.428711,-3.231934,1.221191
0.720337,-3.124023,1.038208
1.128662,-2.906494,1.004272
1.562622,-2.636475,1.211914
1.315063,-2.683472,1.517944
1.163696,-2.690063,1.581299
1.025757,-2.659058,1.569946
0.966064,-2.637695,1.509888
0.936646,-2.679932,1.36792
0.915039,-2.705322,1.279297
0.88501,-2.747437,1.219238
0.833984,-2.799316,1.184326
0.771851,-2.802979,1.207275
0.750244,-2.718262,1.235596
0.715698,-2.562012,1.299194
0.675415,-2.388916,1.378906
0.557617,-2.006104,1.506226
0.501709,-1.916748,1.515625
0.463257,-1.860107,1.509766
0.372681,-1.800049,1.551636
0.230957,-1.613159,1.548218
0.193848,-1.534058,1.517456
0.160156,-1.461914,1.493896
0.155396,-1.374023,1.471436
0.173462,-1.198853,1.355713
0.178101,-1.106812,1.261597
0.195068,-1.040771,1.140625
0.194458,-0.991333,1.046143
0.141235,-0.851807,0.828857
0.108887,-0.759033,0.722412
0.08667,-0.656738,0.624512
0.062256,-0.553223,0.543213
0.01001,-0.369141,0.420044
-0.023804,-0.299805,0.381714
-0.057129,-0.253662,0.354858
-0.086792,-0.244507,0.338867
-0.151855,-0.274658,0.307861
-0.178955,-0.284424,0.280273
-0.205811,-0.284424,0.248535
-0.238525,-0.276001,0.232544
-0.295532,-0.220215,0.229492
-0.317871,-0.182739,0.236572
-0.348389,-0.149658,0.225586
-0.376221,-0.134277,0.198975
-0.415649,-0.107666,0.168335
-0.425781,-0.100586,0.156982
-0.433594,-0.091919,0.141479
-0.431274,-0.077881,0.118652
-0.424927,-0.031616,0.087769
-0.423584,-0.019531,0.067017
-0.404907,-0.017334,0.037109
-0.412842,0.003174,-0.010498
-0.388428,-0.006714,-0.109863
-0.375488,-0.04248,-0.160156
-0.369263,-0.102051,-0.18689
-0.346313,-0.132568,-0.226685
-0.312012,-0.213135,-0.271729
-0.293823,-0.21106,-0.25293
-0.277588,-0.212524,-0.273804
-0.270996,-0.218018,-0.289917
-0.234009,-0.211914,-0.289795
-0.2323,-0.206543,-0.289673
-0.233887,-0.199585,-0.283691
-0.235718,-0.18103,-0.27124
-0.225098,-0.125488,-0.260498
-0.223145,-0.09082,-0.254639
-0.22583,-0.05481,-0.240112
-0.20752,-0.002808,-0.209106
-0.165527,0.049683,-0.179077
-0.191895,0.090088,-0.152466
-0.24353,0.136597,-0.137451
-0.150513,0.172363,-0.161621
-0.173096,0.174927,-0.158813
-0.19104,0.159302,-0.132324
-0.207397,0.14563,-0.110718
-0.22998,0.126099,-0.076904
-0.277832,0.040649,-0.019897
-0.288208,-0.019043,-0.007812
-0.299316,-0.082275,0.008789
-0.294556,-0.141968,0.021118
-0.246094,-0.247803,0.011963
-0.202881,-0.293945,-0.017456
-0.157715,-0.337524,-0.041016
-0.104736,-0.37085,-0.056396
0.009399,-0.431274,-0.049438
0.056519,-0.447144,-0.040649
0.10376,-0.460205,-0.046753
0.153809,-0.46582,-0.060669
0.263184,-0.48645,-0.094849
0.317749,-0.474121,-0.098267
0.382568,-0.466431,-0.091919
0.450195,-0.461182,-0.070923
0.615845,-0.45874,-0.052368
0.651611,-0.471069,-0.004639
0.686035,-0.481445,0.039062
0.707031,-0.473999,0.103149
0.72583,-0.466187,0.349976
0.728027,-0.46814,0.492554
0.708984,-0.47583,0.619507
0.665649,-0.487671,0.723999
0.58728,-0.549194,0.95105
0.495605,-0.655884,1.077515
0.474731,-0.739502,1.067017
0.493042,-0.846069,1.004761
0.477173,-1.060913,0.815552
0.475464,-1.169312,0.716797
0.467651,-1.262085,0.609497
0.442261,-1.359863,0.512329
0.389526,-1.486938,0.311768
0.371338,-1.600708,0.210938
0.308838,-1.693848,0.14624
0.245239,-1.762939,0.110596
0.16333,-1.807373,0.067383
0.077026,-1.826782,0.110596
-0.035889,-1.801025,0.183228
-0.113647,-1.732056,0.214355
-0.276855,-1.65564,0.326172
-0.352661,-1.603271,0.390137
-0.390503,-1.516479,0.430176
-0.37146,-1.482178,0.489624
-0.295288,-1.326904,0.517456
-0.24707,-1.293335,0.527222
-0.196411,-1.273682,0.524048
-0.151489,-1.278198,0.526733
-0.041992,-1.266479,0.47998
0.010254,-1.28125,0.445435
0.036377,-1.298218,0.385742
0.052734,-1.324829,0.333252
0.073853,-1.367188,0.25
0.099121,-1.348877,0.232422
0.107788,-1.322021,0.213135
0.115234,-1.312378,0.217285
0.094116,-1.283081,0.258179
0.090088,-1.223145,0.283569
0.104126,-1.171997,0.293335
0.09729,-1.095947,0.304199
0.075562,-1.016235,0.334351
0.05542,-0.974609,0.341553
0.026123,-0.928833,0.348511
0.002808,-0.883423,0.360229
-0.048218,-0.75061,0.374512
-0.040161,-0.689209,0.390259
-0.050781,-0.63855,0.391479
-0.060913,-0.602295,0.372681
-0.063232,-0.643433,0.333252
-0.028442,-0.719604,0.345825
-0.030029,-0.810913,0.354248
-0.033447,-0.903076,0.340454
0.002319,-1.068237,0.345947
-0.004761,-1.108765,0.357544
0.019653,-1.135498,0.410645
0.02356,-1.14209,0.450684
0.033203,-1.114868,0.512207
0.028687,-1.061279,0.51001
0.005127,-1.002441,0.500854
-0.005859,-0.952881,0.50061
-0.028687,-0.839355,0.555664
-0.057251,-0.767212,0.569214
-0.093628,-0.718872,0.591064
-0.114136,-0.711182,0.638428
-0.109619,-0.734497,0.703857
-0.099121,-0.769287,0.733887
-0.084961,-0.803101,0.747437
-0.083374,-0.849365,0.741821
-0.120117,-0.958496,0.724976
-0.164673,-1.032227,0.726074
-0.217773,-1.114624,0.739502
-0.281128,-1.214722,0.771118
-0.397095,-1.483887,0.898804
-0.454346,-1.64563,0.956787
-0.49646,-1.798096,1.030884
-0.528442,-1.937378,1.138062
-0.600464,-2.127197,1.32019
-0.65979,-2.200928,1.385254
-0.725098,-2.265991,1.436401
-0.801514,-2.338867,1.484375
-0.941284,-2.59314,1.584961
-0.969116,-2.724854,1.625366
-0.953003,-2.832886,1.600952
-0.873047,-3.009766,1.562866
-0.56897,-3.192749,1.367188
-0.394409,-3.281006,1.267334
-0.242065,-3.369385,1.144043
-0.101562,-3.474731,1.007202
0.108521,-3.547485,0.782471
0.193481,-3.492554,0.728882
0.268311,-3.394287,0.695312
0.32605,-3.270996,0.685425
0.428345,-2.973511,0.68042
0.468262,-2.83252,0.667847
0.496826,-2.692627,0.658325
0.500854,-2.558594,0.641479
0.436157,-2.27002,0.628906
0.388428,-2.113281,0.618652
0.338135,-1.959839,0.613647
0.297241,-1.813965,0.601562
0.246826,-1.622925,0.544922
0.239746,-1.531738,0.509033
0.239868,-1.464355,0.483276
0.215332,-1.338501,0.388062
0.195679,-1.253296,0.297607
0.177246,-1.208008,0.256714
0.153198,-1.155396,0.214722
0.133301,-1.101074,0.162231
0.09729,-1.000488,0.045898
0.077881,-0.941772,-0.013916
0.064331,-0.881226,-0.067139
0.056274,-0.808472,-0.110718
0.044067,-0.64624,-0.193237
0.039307,-0.560913,-0.222046
0.034668,-0.478394,-0.25354
0.019897,-0.382324,-0.290649
-0.010498,-0.216309,-0.310303
-0.023804,-0.139404,-0.309814
-0.045898,-0.049194,-0.305298
-0.07019,0.023315,-0.29834
-0.109619,0.134277,-0.273926
-0.123047,0.16272,-0.260132
-0.145142,0.174683,-0.246094
-0.154175,0.189453,-0.234619
-0.133911,0.243286,-0.219971
-0.131958,0.275757,-0.210083
-0.139893,0.299072,-0.201416
-0.15332,0.325439,-0.192627
-0.191895,0.406006,-0.17334
-0.220215,0.449219,-0.17334
-0.250122,0.47644,-0.166016
-0.27832,0.491821,-0.142212
-0.30603,0.489258,-0.095093
-0.324951,0.50769,-0.109619
-0.354492,0.542114,-0.12207
-0.386841,0.580688,-0.143799
-0.428833,0.653931,-0.192383
-0.448364,0.709961,-0.2229
-0.465698,0.780029,-0.246338
-0.471069,0.811035,-0.272949
-0.449829,0.761719,-0.331787
-0.415894,0.668823,-0.36499
-0.394897,0.544434,-0.406006
-0.319458,0.404785,-0.449951
-0.238647,0.092041,-0.488525
-0.205078,-0.094238,-0.481201
-0.172852,-0.296631,-0.463379
-0.140381,-0.499146,-0.44397
-0.084473,-0.880737,-0.404907
-0.069702,-1.011841,-0.405518
-0.049316,-1.091919,-0.394043
-0.028809,-1.126953,-0.366333
0.032349,-1.02832,-0.30481
0.086426,-0.93689,-0.268311
0.190308,-0.830688,-0.186279
0.221191,-0.681396,-0.152344
0.313599,-0.358643,0.070557
0.402954,-0.156982,0.091675
0.466553,0.030029,0.077393
0.500488,0.102539,0.149658
0.541138,0.378906,0.212769
0.553833,0.480225,0.256226
0.551147,0.547729,0.315552
0.553833,0.589355,0.385254
0.489136,0.518188,0.471069
0.431152,0.472168,0.510254
0.389282,0.470337,0.542847
0.339844,0.472168,0.584595
0.233276,0.459961,0.716797
0.161499,0.4729,0.790039
0.10376,0.444946,0.857056
0.015259,0.437744,0.91687
-0.151001,0.270996,1.036499
-0.243896,0.123047,1.052002
-0.370239,-0.087402,0.998535
-0.474365,-0.351807,0.903076
-0.573853,-1.013916,0.722046
-0.513672,-1.284302,0.679077
-0.374146,-1.501099,0.670532
-0.257935,-1.629883,0.669434
-0.085571,-1.682861,0.591187
-0.037354,-1.653931,0.547852
0.018799,-1.612793,0.512207
0.080078,-1.519653,0.472778
0.081177,-1.261108,0.454102
0.098022,-1.165283,0.468506
0.118286,-1.037598,0.464478
0.209839,-0.909424,0.482544
0.232666,-0.775635,0.564453
0.25769,-0.731079,0.623413
0.25647,-0.718994,0.642212
0.285522,-0.753784,0.65686
0.323975,-0.93457,0.629639
0.292236,-1.063477,0.620728
0.240967,-1.190552,0.619263
0.192139,-1.293335,0.617065
0.123901,-1.431641,0.596558
0.107422,-1.446899,0.596436
0.098877,-1.473877,0.59082
0.080078,-1.462891,0.596069
0.051392,-1.355469,0.595947
0.039185,-1.293701,0.59729
0.024658,-1.235229,0.594727
0.006958,-1.195068,0.587524
-0.03772,-1.113037,0.581787
-0.047607,-1.074707,0.572754
-0.053223,-1.052246,0.564941
-0.05603,-1.024536,0.560303
-0.057007,-1.00061,0.542603
-0.056519,-1.018799,0.543091
-0.047729,-1.035034,0.556885
-0.042114,-1.049561,0.567017
-0.036255,-1.06604,0.593384
-0.042969,-1.068359,0.611816
-0.038574,-1.058838,0.64502
-0.036987,-1.030762,0.679321
-0.061523,-0.981689,0.737549
-0.068237,-0.972656,0.785522
-0.070557,-0.960083,0.823608
-0.064209,-0.931641,0.860107
-0.063599,-0.885864,0.870605
-0.059326,-0.883423,0.862793
-0.057007,-0.895386,0.852661
-0.048462,-0.911987,0.853516
-0.02002,-0.944092,0.891479
-0.004517,-0.956787,0.908203
0.003296,-0.966309,0.922363
0.015869,-0.985962,0.939209
0.019775,-1.041626,1.016235
0.015015,-1.065674,1.062378
-0.001099,-1.078735,1.107056
-0.019165,-1.098389,1.155151
-0.063477,-1.155396,1.266113
-0.091797,-1.160889,1.317139
-0.121704,-1.138916,1.36377
-0.158936,-1.109375,1.390381
-0.241943,-1.113159,1.440796
-0.281006,-1.178101,1.456787
-0.322266,-1.258423,1.467896
-0.359253,-1.344971,1.466675
-0.439941,-1.576294,1.435791
-0.486694,-1.706177,1.412842
-0.533813,-1.821167,1.391479
-0.578491,-1.942139,1.367676
-0.617798,-2.151123,1.35791
-0.607544,-2.236206,1.334595
-0.586304,-2.306641,1.302246
-0.548218,-2.395264,1.271606
-0.456055,-2.538696,1.209961
-0.414307,-2.602051,1.19519
-0.367065,-2.658081,1.194336
-0.327271,-2.672607,1.197998
-0.243652,-2.618286,1.227417
-0.201416,-2.543091,1.243408
-0.172485,-2.479248,1.271973
-0.131714,-2.370117,1.283081
-0.036621,-2.200562,1.278564
0.007446,-2.102417,1.290405
0.001587,-1.994507,1.285645
0.019531,-1.897461,1.284912
0.036011,-1.731201,1.26062
0.036133,-1.679443,1.239624
0.027222,-1.630737,1.197876
0.026001,-1.60022,1.164307
0.028198,-1.511353,1.085449
0.03772,-1.467163,1.036621
0.043213,-1.407227,0.977539
0.055054,-1.361572,0.921509
0.086548,-1.266846,0.835327
0.093994,-1.198486,0.789185
0.101196,-1.128418,0.745361
0.106323,-1.043579,0.69812
0.101318,-0.879639,0.623657
0.090698,-0.793579,0.594971
0.074219,-0.705811,0.557983
0.050415,-0.630859,0.527466
-0.006104,-0.50061,0.443848
-0.029663,-0.442017,0.41272
-0.052612,-0.391235,0.377563
-0.082886,-0.350342,0.338867
-0.13855,-0.276367,0.268555
-0.169678,-0.230835,0.235474
-0.201782,-0.175415,0.202637
-0.239014,-0.121216,0.171631
-0.308472,-0.029541,0.147583
-0.345459,0.010864,0.137573
-0.38269,0.072876,0.121826
-0.403564,0.129395,0.118774
-0.433716,0.23999,0.108276
-0.444702,0.281494,0.104004
-0.450317,0.300171,0.097534
-0.452026,0.313843,0.081055
-0.445679,0.307983,0.041016
-0.43689,0.281006,0.03479
-0.427979,0.245361,0.044189
-0.413574,0.202148,0.05481
-0.365479,0.119995,0.051758
-0.340576,0.074829,0.07605
-0.32312,0.012329,0.065796
-0.325439,-0.034668,0.046997
-0.32605,-0.071899,-0.057007
-0.346924,-0.013672,-0.118652
-0.385742,0.079346,-0.168457
-0.431641,0.155151,-0.208374
-0.502075,0.247803,-0.265015
-0.513306,0.270752,-0.278809
-0.511597,0.285034,-0.283813
-0.496582,0.281372,-0.286377
-0.450195,0.21814,-0.280396
-0.423218,0.162964,-0.288818
-0.396973,0.092651,-0.29834
-0.369873,0.00769,-0.2948
-0.299683,-0.168701,-0.283569
-0.269897,-0.249512,-0.282349
-0.236816,-0.32312,-0.27771
-0.206421,-0.379272,-0.28064
-0.175293,-0.441284,-0.291992
-0.160645,-0.428467,-0.293335
-0.148804,-0.385986,-0.298462
-0.129639,-0.322144,-0.298096
-0.080688,-0.172119,-0.263062
-0.052246,-0.093384,-0.235718
-0.026611,-0.022461,-0.195801
0.008301,0.048584,-0.150391
0.075317,0.176514,-0.05542
0.165161,0.207642,0.030762
0.171631,0.226685,0.096802
0.195923,0.224487,0.187744
0.196533,0.182129,0.315918
0.195435,0.156738,0.367065
0.205811,0.125977,0.420898
0.22522,0.096069,0.480713
0.248047,0.022949,0.555054
0.242676,-0.019775,0.57605
0.234131,-0.069702,0.59436
0.221436,-0.108154,0.601196
0.178955,-0.199707,0.591064
0.123535,-0.212036,0.592773
0.085449,-0.208618,0.602295
0.045776,-0.181763,0.604126
-0.032471,-0.127319,0.597168
-0.075073,-0.115967,0.568848
-0.099487,-0.16687,0.524658
-0.125366,-0.223022,0.468506
-0.171509,-0.39856,0.352417
-0.205444,-0.495483,0.296265
-0.225708,-0.594727,0.260254
-0.243652,-0.69104,0.223999
-0.258423,-0.909668,0.205811
-0.264404,-0.998413,0.21228
-0.254272,-1.098633,0.214722
-0.244995,-1.146118,0.218262
-0.174072,-1.289185,0.227295
-0.130005,-1.344727,0.257935
-0.074463,-1.401611,0.300781
-0.024414,-1.446289,0.333252
0.033813,-1.508179,0.395386
0.0448,-1.510742,0.426514
0.057251,-1.518677,0.496948
0.069824,-1.483398,0.587891
0.051636,-1.330688,0.678345
0.042236,-1.244873,0.717163
0.022827,-1.154175,0.732056
0.016968,-1.07666,0.751343
0.031738,-0.984863,0.77478
0.058472,-0.958984,0.784546
0.07959,-0.94043,0.767212
0.099121,-0.952515,0.744019
0.130737,-1.056274,0.730835
0.147949,-1.113892,0.747192
0.151978,-1.160034,0.772217
0.153931,-1.21167,0.797607
0.163086,-1.318848,0.858521
0.150391,-1.336182,0.894165
0.133911,-1.33728,0.951904
0.105347,-1.303345,1.016968
0.041138,-1.140625,1.146729
0.033325,-1.027466,1.234863
0.03833,-0.893921,1.297241
0.049438,-0.768677,1.339722
0.116211,-0.592529,1.410767
0.165894,-0.543701,1.435059
0.224854,-0.518555,1.461182
0.285767,-0.519531,1.48877
0.383179,-0.561646,1.493042
0.412476,-0.630249,1.521484
0.422241,-0.679199,1.530518
0.421631,-0.741089,1.555542
0.39917,-0.891479,1.624023
0.377197,-0.979126,1.678345
0.359375,-1.05188,1.72583
0.344604,-1.103149,1.751465
0.32959,-1.206421,1.774414
0.328613,-1.259399,1.774536
0.330078,-1.307007,1.762573
0.345581,-1.34729,1.760498
0.395996,-1.351807,1.789307
0.38623,-1.265381,1.843018
0.338867,-1.241333,1.893799
0.275269,-1.238647,1.959595
0.148193,-1.264038,2.076782
0.091919,-1.291992,2.094849
0.051025,-1.302124,2.062988
0.013672,-1.339966,2.043335
-0.041626,-1.479614,2.014893
-0.086548,-1.527222,1.99353
-0.125366,-1.5896,1.9646
-0.197144,-1.656372,1.927612
-0.267334,-1.805176,1.879761
-0.292725,-1.871338,1.844482
-0.300537,-1.930054,1.817871
-0.295776,-1.968384,1.798462
-0.275269,-1.978516,1.739136
-0.270996,-1.97168,1.694336
-0.284668,-1.954468,1.640747
-0.296021,-1.942993,1.601074
-0.313232,-1.875732,1.540771
-0.306763,-1.845215,1.51123
-0.302612,-1.80542,1.469727
-0.295532,-1.769409,1.422119
-0.28894,-1.704224,1.36853
-0.274414,-1.66394,1.345093
-0.25647,-1.615723,1.310913
-0.23877,-1.572021,1.295654
-0.202637,-1.451294,1.23291
-0.186646,-1.398926,1.192627
-0.157227,-1.361084,1.138184
-0.123779,-1.327881,1.075806
-0.067139,-1.263306,0.942627
-0.04126,-1.217651,0.868286
-0.03125,-1.164673,0.794556
-0.027466,-1.110962,0.733276
-0.025635,-0.985474,0.629272
-0.026245,-0.920166,0.593262
-0.028809,-0.851807,0.553711
-0.034546,-0.776489,0.520874
-0.047363,-0.620728,0.438477
-0.055176,-0.561646,0.3927
-0.06897,-0.511108,0.357422
-0.079468,-0.482178,0.326538
-0.118652,-0.437256,0.291138
-0.14209,-0.42395,0.291504
-0.151123,-0.419678,0.317627
-0.183472,-0.388428,0.329346
-0.245605,-0.333496,0.334351
-0.277832,-0.328979,0.336426
-0.309814,-0.33667,0.337646
-0.32666,-0.358765,0.35022
-0.359131,-0.359375,0.263916
-0.376709,-0.380981,0.19751
-0.390503,-0.39856,0.129272
-0.396851,-0.421631,0.064697
-0.403931,-0.476807,-0.057373
-0.412476,-0.501831,-0.119263
-0.424438,-0.512573,-0.182983
-0.429443,-0.494751,-0.252075
-0.439087,-0.390137,-0.360352
-0.450195,-0.334106,-0.418945
-0.463379,-0.281982,-0.457642
-0.470459,-0.232422,-0.48584
-0.481567,-0.110962,-0.543579
-0.486816,-0.020142,-0.564575
-0.490234,0.062744,-0.583374
-0.494873,0.127686,-0.584839
-0.499756,0.224121,-0.563843
-0.50354,0.267822,-0.543701
-0.510864,0.309448,-0.525757
-0.520264,0.349365,-0.51416
-0.556885,0.38501,-0.487427
-0.579346,0.40625,-0.48999
-0.588745,0.408813,-0.47937
-0.59314,0.390259,-0.461548
-0.579346,0.408569,-0.480713
-0.572876,0.396118,-0.505005
-0.570557,0.377563,-0.52063
-0.564453,0.361816,-0.530029
-0.547729,0.352539,-0.537964
-0.537231,0.37207,-0.537476
-0.52832,0.401489,-0.527466
-0.521606,0.437378,-0.519165
-0.518677,0.50061,-0.518677
-0.51355,0.541016,-0.519287
-0.506592,0.579346,-0.525635
-0.492676,0.615601,-0.523193
-0.437378,0.664307,-0.47937
-0.402588,0.672119,-0.427979
-0.361938,0.665283,-0.355957
-0.308105,0.653198,-0.269653
-0.220703,0.606445,-0.080322
-0.17981,0.564331,0.025024
-0.146484,0.528931,0.131958
-0.124878,0.487793,0.234131
-0.115356,0.404053,0.387207
-0.127319,0.384644,0.452026
-0.150391,0.388916,0.555176
-0.167969,0.390259,0.596802
-0.220703,0.404907,0.661255
-0.245605,0.424805,0.686279
-0.266724,0.42688,0.689209
-0.311523,0.486328,0.695068
-0.377686,0.543091,0.62854
-0.404785,0.530396,0.611328
-0.445312,0.46106,0.58728
-0.463501,0.356079,0.525269
-0.513428,0.041138,0.32251
-0.514893,-0.142456,0.237305
-0.500977,-0.339722,0.175659
-0.473511,-0.526978,0.135742
-0.451904,-0.859741,0.042236
-0.463989,-0.991333,0.014648
-0.482178,-1.072388,0.021118
-0.467041,-1.108032,0.039795
-0.37793,-1.037476,0.0896
-0.288574,-1.00769,0.142578
-0.183228,-0.986694,0.210815
-0.096924,-1.000854,0.305298
0.029053,-0.988892,0.44751
0.073486,-0.991577,0.481445
0.120361,-0.99646,0.515625
0.172852,-1.003784,0.537231
0.242554,-1.013672,0.53479
0.26123,-1.065186,0.502563
0.27478,-1.162109,0.42749
0.295288,-1.279419,0.351929
0.280151,-1.454102,0.220093
0.292358,-1.580566,0.136841
0.299805,-1.735474,0.064819
0.312256,-1.855957,0.04248
0.373291,-1.975098,0.062378
0.417725,-1.96875,0.106934
0.4646,-1.905762,0.157593
0.502563,-1.827271,0.23584
0.432129,-1.613159,0.402344
0.405396,-1.491211,0.449463
0.387817,-1.445679,0.525391
0.320068,-1.389038,0.590698
0.265381,-1.315552,0.675781
0.255249,-1.306519,0.697754
0.248413,-1.354858,0.719116
0.260254,-1.394897,0.737793
0.348145,-1.608643,0.782349
0.407227,-1.748291,0.851685
0.441406,-1.800537,0.912842
0.484009,-1.817383,0.969971
0.598755,-1.797363,1.115479
0.671997,-1.766479,1.256226
0.742432,-1.656006,1.377686
0.785278,-1.494751,1.447266
0.768066,-1.112915,1.456543
0.788208,-0.9646,1.454102
0.811646,-0.841187,1.452515
0.834351,-0.728149,1.450684
0.870972,-0.507324,1.404785
0.880371,-0.462646,1.366821
0.882446,-0.442871,1.315796
0.883423,-0.461304,1.266357
0.841187,-0.593872,1.15564
0.799683,-0.695557,1.115601
0.737793,-0.773804,1.078125
0.678589,-0.865356,1.050537
0.560913,-1.10376,1.013916
0.513306,-1.242188,1.005859
0.480469,-1.37854,0.988403
0.452148,-1.518433,0.973267
0.494751,-1.792358,0.941284
0.498047,-1.906372,0.920288
0.516602,-2.032837,0.89978
0.506836,-2.120361,0.89624
0.435059,-2.248413,0.901245
0.385254,-2.2771,0.918701
0.346802,-2.312378,0.916382
0.308594,-2.283569,0.907715
0.227783,-2.234863,0.928101
0.222534,-2.199829,0.938599
0.207642,-2.071289,0.874023
0.190674,-1.984985,0.863159
0.205566,-1.799316,0.87854
0.16272,-1.66748,0.836182
0.207031,-1.576172,0.810791
0.239624,-1.48877,0.803589
0.2677,-1.334961,0.778809
0.269043,-1.236328,0.783203
0.261841,-1.103882,0.779419
0.260254,-0.979126,0.777832
0.250488,-0.805786,0.762207
0.239746,-0.749756,0.761719
0.225708,-0.697998,0.758911
0.215942,-0.631592,0.75415
0.181763,-0.542236,0.721436
0.155151,-0.496826,0.696533
0.115479,-0.465942,0.675537
0.070801,-0.437744,0.662598
-0.087158,-0.356079,0.634521
-0.114502,-0.295166,0.613037
-0.103271,-0.22998,0.598389
-0.084839,-0.192017,0.615479
-0.117798,-0.174927,0.530518
-0.149414,-0.212158,0.564331
-0.166992,-0.24939,0.564209
-0.180786,-0.288208,0.577271
-0.235229,-0.444946,0.611206
-0.239136,-0.517578,0.628662
-0.232422,-0.586792,0.615845
-0.235107,-0.628296,0.592651
-0.256592,-0.625366,0.560669
-0.280029,-0.615356,0.564331
-0.319702,-0.555054,0.506958
-0.375244,-0.493164,0.468384
-0.439209,-0.448364,0.427979
-0.481689,-0.411377,0.381592
-0.504883,-0.380005,0.325562
-0.514771,-0.365601,0.273682
-0.525391,-0.36084,0.166016
-0.514893,-0.376953,0.12915
-0.48645,-0.374023,0.113159
-0.455566,-0.347168,0.104248
-0.380737,-0.317017,0.075439
-0.348877,-0.32373,0.064331
-0.31311,-0.337769,0.044922
-0.282593,-0.368652,0.015259
-0.233887,-0.465576,-0.030396
-0.210693,-0.48645,-0.058228
-0.180786,-0.507812,-0.088867
-0.14502,-0.527222,-0.114502
-0.070312,-0.573975,-0.13855
-0.031006,-0.60791,-0.139404
0.003418,-0.643311,-0.125244
0.036255,-0.675537,-0.107666
0.089355,-0.765625,-0.05896
0.109375,-0.828125,-0.029053
0.11792,-0.898682,0.01123
0.126587,-0.953979,0.058228
0.10022,-1.073853,0.150391
0.08313,-1.158936,0.201172
0.080444,-1.23584,0.260132
0.097412,-1.324585,0.31604
0.189209,-1.518799,0.43042
0.27356,-1.579102,0.495605
0.362427,-1.599976,0.574585
0.440186,-1.607788,0.646851
0.508057,-1.727539,0.767822
0.496948,-1.880615,0.854492
0.448608,-2.088623,0.95874
0.380127,-2.306641,1.01416
0.391724,-2.603271,0.904419
0.570801,-2.634155,0.86731
0.797974,-2.620117,0.836426
1.015381,-2.604492,0.822021
1.277344,-2.520874,0.773315
1.315308,-2.512817,0.793335
1.359619,-2.477661,0.795532
1.396973,-2.40918,0.802124
1.494019,-2.199585,0.772583
1.572021,-2.059082,0.751831
1.641602,-1.907959,0.740845
1.696899,-1.743042,0.738892
1.703735,-1.429077,0.751953
1.673218,-1.304688,0.75354
1.589722,-1.186157,0.761963
1.474121,-1.085815,0.762085
1.229248,-0.876831,0.757446
1.109375,-0.765381,0.747803
1.009888,-0.66272,0.725952
0.933594,-0.581177,0.714355
0.802612,-0.456421,0.665527
0.737549,-0.429688,0.629517
0.670654,-0.419312,0.589478
0.604248,-0.41394,0.557495
0.476685,-0.388794,0.473633
0.423462,-0.382324,0.430176
0.371948,-0.360718,0.390747
0.312134,-0.343018,0.364502
0.234985,-0.254028,0.310913
0.213135,-0.186768,0.280396
0.198364,-0.126099,0.239502
0.177612,-0.072632,0.192017
0.302979,0.02832,0.147827
0.446289,0.301636,0.388428
0.765259,0.474243,0.224365
0.878174,0.419556,0.166504
0.539795,0.194824,0.161133
0.34375,0.232178,0.154785
0.227783,0.360596,0.161133
0.282471,0.48291,0.223755
0.415649,0.507446,0.174194
0.547607,0.55542,0.168579
0.628174,0.620117,0.123291
0.60144,0.582886,0.052246
0.60022,0.557739,0.047485
0.618408,0.535522,0.04187
0.619629,0.48877,0.034302
0.622559,0.459106,0.031982
0.595947,0.45166,0.034546
0.603516,0.478027,0.04541
0.595947,0.498535,0.0448
0.581665,0.485474,0.042725
0.531982,0.359985,0.053467
0.527954,0.305786,0.085327
0.55957,0.285522,0.101807
0.585938,0.265991,0.102051
0.564453,0.209229,0.10437
0.554077,0.203491,0.119263
0.546021,0.206299,0.124512
0.540527,0.205933,0.115601
0.525513,0.191772,0.081665
0.525024,0.180664,0.06543
0.531128,0.152466,0.040283
0.547241,0.101807,0.004883
0.625244,-0.035278,-0.074829
0.691406,-0.106323,-0.098755
0.766235,-0.176514,-0.108276
0.851685,-0.245483,-0.115356
1.0,-0.401855,-0.112427
1.111084,-0.485718,-0.104248
1.187622,-0.551758,-0.08728
1.268433,-0.637207,-0.077148
1.426514,-0.76062,-0.033936
1.505981,-0.824097,-0.011108
1.504639,-0.91394,0.037109
1.60791,-0.989624,0.012939
1.847168,-1.035889,0.029053
1.916016,-1.055298,0.033936
1.976318,-1.066772,0.052124
2.001831,-1.077881,0.042725
2.046387,-1.127197,-0.037964
2.066162,-1.159546,-0.081177
2.096313,-1.210938,-0.128052
2.176758,-1.245117,-0.181519
2.335571,-1.219116,-0.278198
2.375977,-1.168091,-0.298584
2.37207,-1.101807,-0.284424
2.340454,-1.022705,-0.24353
2.172119,-0.838501,-0.11499
2.070435,-0.756958,-0.026978
1.982056,-0.696533,0.065552
1.917236,-0.662231,0.14856
1.851318,-0.652588,0.268555
1.835693,-0.675903,0.297729
1.833862,-0.71228,0.299683
1.831665,-0.764893,0.266968
1.78064,-0.924561,0.209106
1.764893,-1.018433,0.187378
1.71521,-1.094727,0.131104
1.65332,-1.164673,0.104492
1.50708,-1.296631,0.058716
1.420654,-1.342285,0.053955
1.335083,-1.39978,0.061523
1.255005,-1.451904,0.080566
1.074585,-1.516235,0.148071
0.993774,-1.541748,0.169556
0.901611,-1.558472,0.207397
0.826904,-1.567017,0.228638
0.688965,-1.542969,0.278809
0.620239,-1.523071,0.307983
0.565308,-1.504517,0.371216
0.505371,-1.45459,0.414917
0.415894,-1.310547,0.458496
0.370361,-1.281494,0.492554
0.369751,-1.259155,0.543701
0.346069,-1.199951,0.557861
0.295532,-1.09668,0.569092
0.317749,-1.036987,0.555664
0.309448,-1.06311,0.55542
0.28186,-1.005615,0.5448
0.287964,-0.939331,0.501953
0.282104,-0.923096,0.473145
0.279175,-0.905396,0.452637
0.283203,-0.890137,0.42981
0.267822,-0.83728,0.368286
0.269531,-0.784912,0.331787
0.33313,-0.710449,0.276123
0.328491,-0.686035,0.258179
0.178711,-0.636841,0.245605
0.164185,-0.602051,0.243408
0.177246,-0.584351,0.249878
0.202759,-0.567749,0.24939
0.204102,-0.585815,0.282593
0.207642,-0.585205,0.290283
0.199463,-0.568848,0.288086
0.203247,-0.547852,0.276001
0.191284,-0.507812,0.253784
0.177368,-0.521851,0.252319
0.167114,-0.553955,0.254639
0.155151,-0.598389,0.243408
0.167236,-0.705811,0.230835
0.152954,-0.778931,0.237549
0.099487,-0.865967,0.229614
0.088623,-0.898193,0.215332
0.053467,-0.978638,0.189453
0.030762,-1.012085,0.196045
0.016113,-1.026367,0.199951
0.004395,-1.01062,0.203857
-0.019287,-0.964233,0.198242
-0.034546,-0.934937,0.197021
-0.040894,-0.89978,0.195068
-0.08252,-0.88916,0.211792
-0.130737,-0.828491,0.22998
-0.166992,-0.806763,0.247192
-0.203125,-0.764038,0.24646
-0.196045,-0.727417,0.25769
-0.195312,-0.698608,0.255981
-0.221436,-0.706665,0.25708
-0.223267,-0.728027,0.246216
-0.211914,-0.759033,0.232178
-0.209229,-0.772461,0.163452
-0.20166,-0.782837,0.114136
-0.206909,-0.806274,0.083008
-0.232178,-0.842041,0.069214
-0.268311,-0.868164,0.005005
-0.268433,-0.908936,-0.033203
-0.261719,-0.97644,-0.060791
-0.255493,-1.062012,-0.073242
-0.222046,-1.25,-0.103027
-0.210571,-1.332886,-0.105957
-0.184692,-1.398682,-0.104736
-0.176392,-1.420532,-0.094238
-0.109863,-1.38501,-0.036987
-0.080566,-1.328369,-0.002075
-0.045776,-1.266113,0.037354
-0.016602,-1.202148,0.075073
0.030884,-1.080688,0.146362
0.058228,-1.003296,0.163818
0.097046,-0.923584,0.163696
0.145508,-0.834351,0.157715
0.253906,-0.685547,0.10498
0.293701,-0.660278,0.055542
0.341187,-0.721924,-0.021606
0.393311,-0.88269,-0.119263
0.505371,-1.278198,-0.258545
0.554199,-1.414551,-0.282227
0.603394,-1.50415,-0.286011
0.668945,-1.583374,-0.275879
0.790283,-1.796265,-0.298828
0.783081,-1.924683,-0.290039
0.735229,-2.018799,-0.270142
0.797607,-2.013672,-0.247681
0.857788,-1.950439,-0.12439
0.871338,-1.887329,-0.038574
0.838379,-1.839355,0.122192
0.80603,-1.736938,0.171021
0.935425,-1.601196,0.326782
0.896851,-1.530762,0.409424
0.902344,-1.481567,0.484131
0.878784,-1.503296,0.542847
0.872437,-1.631836,0.645752
0.908691,-1.692017,0.704224
0.962036,-1.733032,0.756226
1.018433,-1.735229,0.792603
1.111084,-1.64978,0.84082
1.087891,-1.605957,0.824951
1.058594,-1.564575,0.84314
1.00708,-1.523926,0.859497
0.868286,-1.436035,0.827026
0.822266,-1.385986,0.794189
0.768188,-1.346191,0.770264
0.725342,-1.313965,0.755127
0.660522,-1.242065,0.731079
0.627808,-1.20459,0.708008
0.579468,-1.167603,0.676147
0.560181,-1.134521,0.644897
0.561768,-1.054688,0.604858
0.588257,-1.018311,0.586426
0.617676,-0.983887,0.575684
0.643433,-0.931885,0.565796
0.612427,-0.850098,0.543701
0.631104,-0.800415,0.517212
0.658081,-0.751831,0.48291
0.685059,-0.722534,0.468628
0.726074,-0.669556,0.427002
0.741333,-0.638794,0.398438
0.755249,-0.618774,0.367676
0.779541,-0.576538,0.326904
0.807983,-0.505371,0.24646
0.816895,-0.476807,0.209351
0.820923,-0.45105,0.179688
0.822021,-0.416504,0.14502
0.835327,-0.37207,0.104492
0.84021,-0.349121,0.089233
0.844116,-0.322876,0.080322
0.844971,-0.306396,0.081055
0.839722,-0.259277,0.077271
0.81897,-0.242432,0.068848
0.803589,-0.227783,0.061768
0.785278,-0.209229,0.056274
0.762939,-0.174316,0.033569
0.765259,-0.155151,0.022583
0.755127,-0.147827,0.005615
0.755127,-0.141846,-0.007324
0.760254,-0.150757,-0.02356
0.759277,-0.152222,-0.028442
0.756958,-0.169067,-0.033691
0.763428,-0.195557,-0.039307
0.792236,-0.232422,-0.053223
0.814453,-0.257446,-0.063232
0.8125,-0.273438,-0.052979
0.797729,-0.279297,-0.043213
0.739624,-0.279541,-0.014893
0.704956,-0.277588,0.000732
0.672119,-0.278687,0.018066
0.641602,-0.276855,0.036865
0.595825,-0.283569,0.074951
0.578125,-0.298584,0.088501
0.563354,-0.309204,0.100586
0.549683,-0.323486,0.114502
0.526123,-0.364014,0.149658
0.516357,-0.386597,0.169189
0.50354,-0.403687,0.184326
0.494873,-0.421387,0.191406
0.47522,-0.437012,0.180054
0.465576,-0.440796,0.168335
0.461792,-0.437378,0.158936
0.452515,-0.434326,0.147949
0.438721,-0.420654,0.141479
0.425049,-0.405884,0.141113
0.409424,-0.38855,0.136841
0.3927,-0.370361,0.133789
0.374512,-0.341187,0.142456
0.347534,-0.35144,0.153564
0.312988,-0.340088,0.173828
0.298218,-0.342041,0.184448
0.279663,-0.31897,0.212524
0.271606,-0.311646,0.228027
0.260132,-0.313599,0.24646
0.256836,-0.32312,0.263306
0.250977,-0.349365,0.304077
0.25061,-0.365967,0.322632
0.25061,-0.394165,0.337524
0.25293,-0.422485,0.354004
0.266724,-0.482544,0.362671
0.279297,-0.511108,0.362427
0.294922,-0.543945,0.360107
0.308228,-0.584106,0.351929
0.342407,-0.664795,0.327759
0.362061,-0.712646,0.31311
0.379883,-0.74939,0.299561
0.392334,-0.780884,0.278198
0.41687,-0.851318,0.24231
0.443237,-0.901611,0.230835
0.453125,-0.939453,0.218506
0.471558,-0.97876,0.214233
0.49707,-1.058105,0.207031
0.511108,-1.100464,0.208618
0.515015,-1.137207,0.228271
0.519775,-1.164062,0.236328
0.559204,-1.204834,0.260376
0.587891,-1.225586,0.257568
0.604126,-1.234131,0.27478
0.614136,-1.220703,0.286865
0.635254,-1.169067,0.296997
0.648071,-1.170654,0.298828
0.677979,-1.185547,0.3125
0.690186,-1.223511,0.342407
0.782227,-1.237793,0.366821
0.803589,-1.267334,0.392212
0.841675,-1.317749,0.423706
0.918457,-1.355713,0.461548
0.967651,-1.418823,0.519409
0.947632,-1.373047,0.512695
1.119263,-1.407227,0.523315
1.215576,-1.455078,0.524536
1.303345,-1.554565,0.533325
1.315796,-1.583618,0.543091
1.262451,-1.590698,0.534424
1.21936,-1.581299,0.522949
1.115967,-1.569702,0.4823
1.085449,-1.537231,0.446655
1.137817,-1.577881,0.458618
1.131836,-1.589478,0.443848
1.053467,-1.55249,0.419189
1.035645,-1.547852,0.397827
1.023682,-1.555908,0.375
1.012573,-1.561523,0.367432
0.985596,-1.543701,0.341431
0.973511,-1.543091,0.322876
0.964844,-1.535645,0.307373
0.952148,-1.518188,0.301025
0.911621,-1.439453,0.27063
0.891479,-1.386353,0.255005
0.873291,-1.331177,0.242188
0.851318,-1.279785,0.230347
0.787231,-1.129883,0.178833
0.763062,-1.077759,0.16626
0.744995,-1.025635,0.151489
0.7323,-0.976196,0.139648
0.697876,-0.884521,0.125977
0.690796,-0.837524,0.115234
0.690308,-0.793091,0.108765
0.676636,-0.754517,0.100464
0.650024,-0.694092,0.088013
0.650391,-0.674072,0.081543
0.641479,-0.657349,0.074097
0.633545,-0.640259,0.071411
0.602295,-0.586792,0.071045
0.598755,-0.555054,0.05896
0.599976,-0.539917,0.048706
0.59729,-0.50647,0.04126
0.583008,-0.454834,0.023804
0.56543,-0.43396,0.013062
0.55127,-0.420288,-0.001587
0.544189,-0.392822,-0.005371
0.551758,-0.376709,-0.005615
0.549072,-0.365601,-0.00708
0.55603,-0.355469,-0.009155
0.563965,-0.346313,-0.016113
0.57251,-0.315186,-0.027344
0.578247,-0.300049,-0.031128
0.579712,-0.287598,-0.03479
0.583008,-0.284668,-0.037964
0.587402,-0.292236,-0.043091
0.593262,-0.301758,-0.047607
0.596191,-0.309204,-0.054077
0.606445,-0.305542,-0.057373
0.61731,-0.304565,-0.063477
0.621704,-0.308105,-0.069702
0.621582,-0.313477,-0.078613
0.62439,-0.323364,-0.084229
0.631592,-0.348022,-0.088135
0.635742,-0.354736,-0.090088
0.642212,-0.363037,-0.097168
0.649414,-0.366821,-0.104858
0.670288,-0.358154,-0.101929
0.675171,-0.35022,-0.097778
0.673584,-0.348755,-0.095703
0.675415,-0.356323,-0.092163
0.677856,-0.364868,-0.079346
0.674927,-0.369873,-0.071289
0.675293,-0.372925,-0.067139
0.672607,-0.37146,-0.059814
0.662598,-0.373535,-0.046143
0.660767,-0.375366,-0.037231
0.657715,-0.378174,-0.026611
0.658325,-0.38855,-0.011719
0.657837,-0.407471,0.0177
0.658325,-0.410278,0.030273
0.654907,-0.420532,0.040283
0.654419,-0.421631,0.049438
0.644531,-0.433472,0.065308
0.63916,-0.440063,0.06543
0.636475,-0.449097,0.065552
0.63208,-0.461792,0.065918
0.630493,-0.500854,0.062622
0.629761,-0.515869,0.060669
0.630737,-0.527222,0.053833
0.63147,-0.535156,0.049561
0.628906,-0.550659,0.042603
0.625854,-0.55603,0.047363
0.620483,-0.566528,0.05542
0.614258,-0.573364,0.061401
0.604614,-0.60022,0.074341
0.604614,-0.620728,0.078369
0.612183,-0.648071,0.089355
0.615845,-0.672852,0.100098
0.623901,-0.703247,0.116699
0.628174,-0.704834,0.122925
0.627808,-0.705933,0.126343
0.628784,-0.706787,0.13147
0.621216,-0.71814,0.164185
0.617798,-0.726685,0.178955
0.619629,-0.737671,0.195923
0.627686,-0.749023,0.217773
0.645264,-0.759155,0.248657
0.657227,-0.765625,0.269897
0.663818,-0.771973,0.292847
0.676514,-0.781982,0.317139
0.692749,-0.795166,0.37146
0.704102,-0.809448,0.39209
0.713745,-0.821045,0.408813
0.730713,-0.833862,0.414429
0.732056,-0.852661,0.418091
0.734009,-0.859131,0.415161
0.730347,-0.870483,0.40918
0.728394,-0.886108,0.402954
0.724731,-0.914551,0.395874
0.719482,-0.930176,0.393799
0.722656,-0.958374,0.395142
0.720825,-0.972046,0.402222
0.710815,-0.992432,0.4104
0.706299,-0.997803,0.40918
0.702026,-1.008667,0.409302
0.698486,-1.01709,0.407837
0.695923,-1.033691,0.412476
0.691162,-1.039185,0.413208
0.68689,-1.04834,0.411377
0.683716,-1.05957,0.412598
0.682007,-1.076416,0.414307
0.681885,-1.080688,0.413818
0.683472,-1.082275,0.41272
0.6875,-1.081177,0.407593
0.69104,-1.085083,0.405273
0.698853,-1.088745,0.404053
0.706421,-1.095459,0.400024
0.716309,-1.10144,0.398926
0.730957,-1.101807,0.387451
0.727417,-1.101807,0.375732
0.725342,-1.09082,0.364624
0.723022,-1.081787,0.356934
0.726562,-1.06958,0.341431
0.733887,-1.065918,0.340454
0.739502,-1.05957,0.339355
0.751465,-1.055664,0.33252
0.771851,-1.046631,0.317993
0.777588,-1.042847,0.315552
0.775879,-1.036377,0.314087
0.776733,-1.030151,0.315552
0.782959,-1.03064,0.315308
0.79187,-1.036743,0.318604
0.801025,-1.043701,0.323242
0.811646,-1.045166,0.325439
0.834961,-1.025757,0.321899
0.840088,-1.004883,0.317993
0.843384,-0.990234,0.315186
0.84021,-0.970947,0.314209
0.83667,-0.95105,0.315674
0.840088,-0.953613,0.315674
0.8479,-0.956909,0.313843
0.858765,-0.953613,0.309937
0.883423,-0.932495,0.299561
0.8927,-0.918823,0.292358
0.899536,-0.905151,0.286621
0.898071,-0.888062,0.284546
0.890137,-0.869629,0.276245
0.880127,-0.857544,0.270996
0.876587,-0.849487,0.261475
0.867554,-0.847046,0.261353
0.851074,-0.843506,0.249023
0.839966,-0.849609,0.249023
0.824951,-0.853882,0.244629
0.814453,-0.864502,0.244507
0.787476,-0.859131,0.278076
0.779541,-0.873413,0.292603
0.772339,-0.869385,0.305298
0.76416,-0.86792,0.316528
0.745483,-0.859131,0.332886
0.736694,-0.852173,0.341553
0.731201,-0.837402,0.345459
0.724731,-0.816528,0.346191
0.710571,-0.769409,0.342773
0.703735,-0.737793,0.336792
0.694702,-0.70752,0.331543
0.684937,-0.682129,0.330811
0.662964,-0.621216,0.323975
0.6521,-0.592041,0.322388
0.6427,-0.565308,0.319702
0.632324,-0.546143,0.316772
0.616333,-0.507568,0.309692
0.609375,-0.490234,0.303955
0.608643,-0.466919,0.296021
0.607666,-0.447021,0.289429
0.605225,-0.410278,0.271606
0.610229,-0.393066,0.262695
0.615479,-0.376465,0.254272
0.624512,-0.36084,0.244263
0.647339,-0.326782,0.220581
0.665894,-0.316528,0.213379
0.68335,-0.292236,0.20813
0.695435,-0.277222,0.198608
0.719604,-0.240601,0.151611
0.719849,-0.22583,0.121704
0.750366,-0.223511,0.124023
0.757324,-0.195557,0.110107
0.762207,-0.147705,0.088989
0.768555,-0.124268,0.081421
0.77417,-0.10083,0.069092
0.777344,-0.09021,0.057495
0.80188,-0.074951,0.025391
0.802124,-0.082397,0.016846
0.809326,-0.090454,0.006348
0.813354,-0.105713,-0.00415
0.806641,-0.153687,-0.019287
0.809814,-0.184204,-0.021362
0.815308,-0.221802,-0.027832
0.817383,-0.247314,-0.030884
0.825806,-0.287964,-0.044922
0.82251,-0.319214,-0.046753
0.822998,-0.327637,-0.04541
0.820923,-0.339111,-0.0448
0.815308,-0.345703,-0.033203
0.811279,-0.341919,-0.02356
0.808716,-0.331787,-0.016479
0.807007,-0.323364,-0.009277
0.800171,-0.29187,0.010986
0.799683,-0.267212,0.022339
0.798706,-0.244263,0.036621
0.801025,-0.223999,0.062622
0.800293,-0.189453,0.133179
0.801147,-0.188599,0.163208
0.793335,-0.170532,0.177368
0.778931,-0.187622,0.234619
0.769775,-0.185303,0.291138
0.766846,-0.214355,0.303589
0.760864,-0.229492,0.321167
0.761353,-0.255005,0.338745
0.761108,-0.318481,0.366577
0.76062,-0.35083,0.372314
0.758057,-0.383423,0.367432
0.761108,-0.418701,0.36438
0.771484,-0.496826,0.363281
0.784302,-0.537842,0.362305
0.785034,-0.571289,0.369751
0.783203,-0.5979,0.373413
0.789307,-0.650879,0.374634
0.799561,-0.671631,0.368164
0.803833,-0.689819,0.363647
0.811157,-0.712036,0.361206
0.812256,-0.749146,0.358643
0.818481,-0.760132,0.353149
0.835449,-0.778931,0.362549
0.825806,-0.783936,0.364502
0.814453,-0.797241,0.379639
0.812134,-0.801392,0.380859
0.806152,-0.798706,0.398071
0.776978,-0.803223,0.401611
0.779907,-0.79895,0.425537
0.777222,-0.798706,0.430542
0.76001,-0.795898,0.437256
0.746948,-0.798218,0.432739
0.722046,-0.798462,0.434448
0.701782,-0.788696,0.434326
0.682129,-0.765625,0.427979
0.66687,-0.768311,0.465942
0.598755,-0.704712,0.4375
0.608154,-0.699219,0.424438
0.585449,-0.702271,0.430908
0.579468,-0.698853,0.431152
0.56543,-0.70166,0.429321
0.55835,-0.702026,0.42688
0.549805,-0.699707,0.424194
0.541992,-0.70105,0.421631
0.539062,-0.717163,0.408569
0.540527,-0.72583,0.397827
0.534546,-0.735718,0.386597
0.53125,-0.740967,0.373901
0.524414,-0.751831,0.344604
0.523193,-0.75354,0.334351
0.519653,-0.75293,0.322144
0.514771,-0.743896,0.307861
0.506958,-0.722046,0.283813
0.502808,-0.712891,0.275024
0.500732,-0.701782,0.26709
0.497803,-0.692505,0.262817
0.498901,-0.685303,0.260132
0.500244,-0.681885,0.256836
0.49585,-0.679321,0.259521
0.512451,-0.674683,0.264648
0.513306,-0.651123,0.262207
0.51416,-0.641846,0.263184
0.5177,-0.628052,0.259521
0.519165,-0.620483,0.258301
0.523682,-0.603516,0.249512
0.527954,-0.594116,0.24585
0.532227,-0.583008,0.240234
0.541016,-0.579346,0.229736
0.558838,-0.587402,0.200684
0.568848,-0.598022,0.1875
0.585205,-0.604248,0.171997
0.597168,-0.603149,0.156128
0.624878,-0.603271,0.130127
0.640015,-0.605591,0.119141
0.658569,-0.614136,0.109863
0.67041,-0.620483,0.10022
0.692139,-0.630371,0.087646
0.702759,-0.631226,0.080078
0.710083,-0.633911,0.074463
0.717041,-0.631592,0.071533
0.721069,-0.620605,0.063232
0.721558,-0.612427,0.060547
0.720581,-0.602539,0.060059
0.720703,-0.594482,0.054565
0.718872,-0.575928,0.050171
0.723022,-0.571899,0.046265
0.729492,-0.567505,0.036499
0.742432,-0.565796,0.024902
0.800049,-0.553223,0.006836
0.814697,-0.55188,0.005127
0.817871,-0.552002,0.004639
0.807495,-0.544434,0.000366
0.781982,-0.533325,-0.004761
0.769653,-0.521851,-0.007446
0.764282,-0.510132,-0.011597
0.749146,-0.516235,-0.002075
0.767334,-0.479248,-0.004517
0.797852,-0.497559,0.011963
0.831299,-0.515015,0.041138
0.887817,-0.546143,0.037476
1.012695,-0.66333,-0.015991
1.070068,-0.718994,-0.043091
1.102173,-0.760132,-0.062256
1.131714,-0.787842,-0.076538
1.163086,-0.818848,-0.099731
1.172241,-0.821899,-0.10437
1.164795,-0.823486,-0.114014
1.155151,-0.819824,-0.110107
1.11853,-0.788818,-0.0979
1.096924,-0.767334,-0.088623
1.074585,-0.75415,-0.068848
1.048584,-0.741699,-0.044678
1.016846,-0.709595,-0.028442
0.99231,-0.743652,-0.011719
0.927734,-0.778564,0.053223
0.882935,-0.740234,0.102051
0.949463,-0.682739,0.118896
0.925171,-0.633179,0.139771
0.850464,-0.636108,0.145752
0.823486,-0.667847,0.159424
0.907104,-0.709106,0.188965
0.931885,-0.714111,0.17627
0.967773,-0.72876,0.158447
1.014526,-0.704102,0.178833
1.165405,-0.662231,0.135986
1.186279,-0.675781,0.13269
1.082397,-0.595459,0.1521
1.115234,-0.623413,0.120239
1.220581,-0.639893,0.122314
1.152222,-0.621216,0.136597
1.08374,-0.616333,0.145386
1.11145,-0.71228,0.125122
1.230957,-0.808472,0.10083
1.248901,-0.81543,0.064209
1.270508,-0.850586,-0.000244
1.306885,-0.868286,-0.032349
1.307373,-0.847046,-0.083618
1.309082,-0.836548,-0.121948
1.320068,-0.822144,-0.155151
1.332153,-0.799927,-0.18042
1.323242,-0.759644,-0.226196
1.312134,-0.736328,-0.245117
1.290771,-0.696777,-0.255005
1.287231,-0.675415,-0.256592
1.270874,-0.602173,-0.257568
1.266968,-0.568237,-0.247559
1.257568,-0.532349,-0.231079
1.243896,-0.491333,-0.213745
1.213989,-0.415161,-0.174438
1.202881,-0.392212,-0.161133
1.198242,-0.36731,-0.147949
1.188599,-0.341431,-0.136841
1.170166,-0.300659,-0.120728
1.159668,-0.282227,-0.11438
1.153687,-0.270752,-0.104126
1.148193,-0.257935,-0.095581
1.138916,-0.238281,-0.089966
1.130249,-0.232666,-0.095825
1.117676,-0.227051,-0.098633
1.108643,-0.223633,-0.102539
1.086914,-0.21521,-0.109619
1.071655,-0.2146,-0.114502
1.065918,-0.214844,-0.119629
1.051636,-0.21936,-0.123657
