1514764801,3,0.073242,-0.950806,0.256836
1514764801,3,0.074951,-0.951538,0.257935
1514764801,3,0.076904,-0.952271,0.258545
1514764801,3,0.075562,-0.950317,0.260010
1514764801,3,0.079468,-0.938721,0.261353
1514764801,3,0.077148,-0.937378,0.260254
1514764801,3,0.079834,-0.945068,0.257935
1514764801,3,0.078979,-0.955444,0.257935
1514764801,3,0.079468,-0.963745,0.257202
1514764801,3,0.079346,-0.967041,0.256836
1514764801,3,0.074219,-0.970581,0.257080
1514764801,3,0.072266,-0.968018,0.256226
1514764801,3,0.069702,-0.963745,0.254028
1514764801,3,0.071777,-0.959839,0.254761
1514764801,3,0.069946,-0.960693,0.253662
1514764801,3,0.069946,-0.958008,0.255615
1514764801,3,0.071655,-0.957275,0.252808
1514764801,3,0.067505,-0.959351,0.254883
1514764801,3,0.070435,-0.953857,0.256958
1514764801,3,0.072998,-0.953369,0.256104
1514764801,3,0.073975,-0.953491,0.254761
1514764801,3,0.073975,-0.951782,0.255615
1514764801,3,0.076416,-0.952515,0.257812
1514764801,3,0.075562,-0.951294,0.256714
1514764801,3,0.076416,-0.947388,0.258667
1514764801,3,0.077637,-0.947510,0.258301
1514764801,3,0.076172,-0.951904,0.260986
1514764801,3,0.075928,-0.954468,0.256104
1514764801,3,0.076782,-0.957153,0.256226
1514764801,3,0.073364,-0.961426,0.260986
1514764801,3,0.074097,-0.961670,0.259644
1514764801,3,0.071289,-0.961182,0.259277
1514764801,3,0.072021,-0.959595,0.259888
1514764801,3,0.071777,-0.955811,0.256958
1514764801,3,0.070679,-0.953247,0.258301
1514764801,3,0.071045,-0.957153,0.262085
1514764801,3,0.069824,-0.955566,0.260498
1514764801,3,0.074219,-0.957397,0.259766
1514764801,3,0.072998,-0.950928,0.259644
1514764801,3,0.074829,-0.949707,0.255981
1514764801,3,0.074219,-0.947510,0.255737
1514764801,3,0.076172,-0.946411,0.256836
1514764801,3,0.077759,-0.947876,0.256226
1514764801,3,0.076416,-0.954224,0.256348
1514764801,3,0.080200,-0.955688,0.255493
1514764801,3,0.079956,-0.962280,0.257812
1514764801,3,0.078735,-0.966675,0.259277
1514764801,3,0.077271,-0.962524,0.256226
1514764801,3,0.075317,-0.963867,0.256592
1514764801,3,0.073975,-0.958374,0.259277
1514764801,3,0.073486,-0.956665,0.255371
1514764801,3,0.072510,-0.956543,0.255981
1514764801,3,0.070801,-0.957764,0.256958
1514764801,3,0.073364,-0.954468,0.258301
1514764801,3,0.072388,-0.952026,0.258179
1514764801,3,0.072998,-0.950562,0.259033
1514764801,3,0.072998,-0.950317,0.260864
1514764801,3,0.073364,-0.948608,0.259521
1514764801,3,0.072388,-0.949585,0.259888
1514764801,3,0.073120,-0.952148,0.257568
1514764801,3,0.073608,-0.953125,0.257324
1514764801,3,0.074707,-0.954224,0.257812
1514764801,3,0.075317,-0.956177,0.258179
1514764801,3,0.076172,-0.950928,0.262329
1514764801,3,0.077148,-0.949585,0.264038
1514764801,3,0.076416,-0.949829,0.261841
1514764801,3,0.074951,-0.954346,0.260986
1514764801,3,0.073853,-0.955811,0.259155
1514764801,3,0.077515,-0.954590,0.259155
1514764801,3,0.077271,-0.954956,0.257690
1514764801,3,0.074707,-0.955688,0.257812
1514764801,3,0.073242,-0.955322,0.255371
1514764801,3,0.072510,-0.952637,0.253540
1514764801,3,0.069580,-0.954468,0.253296
1514764801,3,0.066162,-0.955688,0.254028
1514764801,3,0.067139,-0.956665,0.253174
1514764801,3,0.067139,-0.954712,0.253296
1514764801,3,0.067261,-0.949829,0.255615
1514764801,3,0.074829,-0.947998,0.253540
1514764801,3,0.076172,-0.947021,0.253540
1514764801,3,0.077271,-0.944946,0.254639
1514764801,3,0.077515,-0.951172,0.253662
1514764801,3,0.078979,-0.948608,0.253540
1514764801,3,0.079468,-0.950439,0.249878
1514764801,3,0.075195,-0.948730,0.246460
1514764801,3,0.077026,-0.950439,0.244995
1514764801,3,0.077026,-0.950928,0.248535
1514764801,3,0.078247,-0.952881,0.249512
1514764801,3,0.078979,-0.955566,0.250000
1514764801,3,0.078247,-0.956787,0.250610
1514764801,3,0.079590,-0.955688,0.255005
1514764801,3,0.078613,-0.960938,0.254395
1514764801,3,0.078857,-0.959961,0.255859
1514764801,3,0.080200,-0.956421,0.252075
1514764801,3,0.078369,-0.954468,0.252197
1514764801,3,0.080200,-0.956421,0.249512
1514764801,3,0.083252,-0.957397,0.244751
1514764801,3,0.083618,-0.958252,0.245483
1514764801,3,0.083374,-0.959961,0.241699
1514764801,3,0.081787,-0.961304,0.241821
1514764801,3,0.078369,-0.961060,0.239136
1514764801,3,0.076538,-0.962402,0.236206
1514764801,3,0.073242,-0.968140,0.238892
1514764801,3,0.074219,-0.968140,0.239502
1514764801,3,0.074707,-0.968750,0.242676
1514764801,3,0.073486,-0.969238,0.242676
1514764801,3,0.072510,-0.968262,0.234131
1514764801,3,0.071655,-0.964355,0.230835
1514764801,3,0.069824,-0.964966,0.229126
1514764801,3,0.068848,-0.967407,0.227173
1514764801,3,0.068237,-0.969727,0.222168
1514764801,3,0.069092,-0.971436,0.222656
1514764801,3,0.072021,-0.970581,0.222046
1514764801,3,0.073120,-0.973755,0.225952
1514764801,3,0.073364,-0.972412,0.231445
1514764801,3,0.077637,-0.971680,0.233887
1514764801,3,0.074951,-0.970825,0.235352
1514764801,3,0.076660,-0.968262,0.237061
1514764801,3,0.082275,-0.968994,0.239624
1514764801,3,0.080811,-0.970947,0.243164
1514764801,3,0.079468,-0.972656,0.239014
1514764801,3,0.079346,-0.974365,0.240845
1514764801,3,0.077881,-0.970703,0.238770
1514764801,3,0.075195,-0.972534,0.240356
1514764801,3,0.075317,-0.970215,0.238770
1514764801,3,0.072998,-0.970215,0.239746
1514764801,3,0.068237,-0.967163,0.239746
1514764801,3,0.066284,-0.965210,0.240845
1514764801,3,0.063110,-0.964966,0.242798
1514764801,3,0.064453,-0.962646,0.243164
1514764801,3,0.064575,-0.957764,0.245117
1514764801,3,0.064697,-0.956543,0.243530
1514764801,3,0.062744,-0.953125,0.244019
1514764801,3,0.063232,-0.952271,0.244019
1514764801,3,0.059814,-0.954712,0.251343
1514764801,3,0.060425,-0.956299,0.254761
1514764801,3,0.062012,-0.956665,0.256714
1514764801,3,0.064087,-0.955688,0.258179
1514764801,3,0.064453,-0.954468,0.260620
1514764801,3,0.070190,-0.953613,0.258179
1514764801,3,0.070923,-0.952515,0.256958
1514764801,3,0.071655,-0.953857,0.257812
1514764801,3,0.072998,-0.959595,0.254761
1514764801,3,0.078369,-0.957520,0.253418
1514764801,3,0.076294,-0.960693,0.255493
1514764801,3,0.076294,-0.958984,0.256714
1514764801,3,0.072510,-0.956543,0.259399
1514764801,3,0.074219,-0.953857,0.260132
1514764801,3,0.074829,-0.952881,0.261108
1514764801,3,0.070068,-0.948975,0.264038
1514764801,3,0.071289,-0.938965,0.270386
1514764801,3,0.072998,-0.934692,0.272095
1514764801,3,0.075439,-0.929810,0.271973
1514764801,3,0.077515,-0.931030,0.269653
1514764801,3,0.080078,-0.932129,0.260742
1514764801,3,0.080444,-0.936646,0.263184
1514764801,3,0.080688,-0.938965,0.259644
1514764801,3,0.079590,-0.941406,0.259277
1514764801,3,0.065308,-0.948853,0.268677
1514764801,3,0.063354,-0.950073,0.271606
1514764801,3,0.058472,-0.951294,0.276001
1514764801,3,0.061035,-0.958252,0.278809
1514764801,3,0.069702,-0.962769,0.272949
1514764801,3,0.075562,-0.959839,0.275757
1514764801,3,0.085571,-0.958496,0.278809
1514764801,3,0.087646,-0.948486,0.277222
1514764801,3,0.090088,-0.929565,0.282471
1514764801,3,0.086182,-0.925415,0.286987
1514764801,3,0.086060,-0.920898,0.286255
1514764801,3,0.083008,-0.921021,0.286011
1514764801,3,0.074341,-0.930908,0.284790
1514764801,3,0.070679,-0.935913,0.286255
1514764801,3,0.065674,-0.938599,0.286133
1514764801,3,0.060791,-0.939453,0.287109
1514764801,3,0.052856,-0.935059,0.281006
1514764801,3,0.051270,-0.937378,0.279907
1514764801,3,0.049805,-0.945312,0.278442
1514764801,3,0.051147,-0.947998,0.270264
1514764801,3,0.052734,-0.958618,0.270264
1514764801,3,0.056030,-0.960571,0.266357
1514764801,3,0.061646,-0.953613,0.264038
1514764801,3,0.066162,-0.947632,0.262573
1514764801,3,0.073853,-0.939575,0.261841
1514764801,3,0.078979,-0.934448,0.263916
1514764801,3,0.082275,-0.931396,0.264160
1514764801,3,0.087524,-0.930664,0.257080
1514764801,3,0.093628,-0.924316,0.243652
1514764801,3,0.097290,-0.918457,0.235962
1514764801,3,0.078979,-0.934082,0.243530
1514764801,3,0.074097,-0.944702,0.244995
1514764801,3,0.069580,-0.971191,0.240845
1514764801,3,0.076660,-0.975098,0.249878
1514764801,3,0.075806,-0.969360,0.272705
1514764801,3,0.079590,-0.949707,0.288330
1514764801,3,0.093140,-0.868286,0.317871
1514764801,3,0.109741,-0.834595,0.321045
1514764801,3,0.109741,-0.799194,0.311035
1514764801,3,0.112549,-0.777344,0.299072
1514764802,3,0.100708,-0.777710,0.259888
1514764802,3,0.100708,-0.787720,0.233032
1514764802,3,0.100708,-0.799683,0.205078
1514764802,3,0.097900,-0.820312,0.174561
1514764802,3,0.090698,-0.855469,0.128418
1514764802,3,0.093750,-0.871704,0.117676
1514764802,3,0.111938,-0.901733,0.124146
1514764802,3,0.126587,-0.928955,0.123291
1514764802,3,0.122681,-0.983398,0.118530
1514764802,3,0.123169,-1.037109,0.111328
1514764802,3,0.131470,-1.089478,0.103149
1514764802,3,0.133179,-1.145874,0.095215
1514764802,3,0.150635,-1.252686,0.085693
1514764802,3,0.142334,-1.285645,0.066040
1514764802,3,0.144165,-1.306641,0.044434
1514764802,3,0.135864,-1.292969,0.033691
1514764802,3,0.116333,-1.228394,-0.001099
1514764802,3,0.110596,-1.195923,-0.017578
1514764802,3,0.124268,-1.180298,-0.036865
1514764802,3,0.130615,-1.163086,-0.043335
1514764802,3,0.144897,-1.125000,-0.041870
1514764802,3,0.142090,-1.114624,-0.024292
1514764802,3,0.132324,-1.098022,-0.002930
1514764802,3,0.139893,-1.083618,0.013916
1514764802,3,0.172974,-1.095947,0.045288
1514764802,3,0.176147,-1.107300,0.031128
1514764802,3,0.187012,-1.102173,0.025146
1514764802,3,0.187988,-1.085449,0.022583
1514764802,3,0.171875,-1.064697,0.001343
1514764802,3,0.150879,-1.049194,-0.016479
1514764802,3,0.142700,-1.049561,-0.035645
1514764802,3,0.112915,-1.050171,-0.055664
1514764802,3,0.091553,-1.072144,-0.095459
1514764802,3,0.098633,-1.080933,-0.112671
1514764802,3,0.123047,-1.090942,-0.122925
1514764802,3,0.147461,-1.079590,-0.139160
1514764802,3,0.197388,-1.052979,-0.172607
1514764802,3,0.195557,-1.055298,-0.191650
1514764802,3,0.202271,-1.080078,-0.207886
1514764802,3,0.197266,-1.113037,-0.211792
1514764802,3,0.234619,-1.183350,-0.173340
1514764802,3,0.284668,-1.227539,-0.142578
1514764802,3,0.342163,-1.260498,-0.116455
1514764802,3,0.411133,-1.306152,-0.073120
1514764802,3,0.509033,-1.400513,0.003540
1514764802,3,0.542114,-1.439209,0.047241
1514764802,3,0.549316,-1.468628,0.088745
1514764802,3,0.537354,-1.477783,0.119995
1514764802,3,0.552124,-1.474121,0.163696
1514764802,3,0.534302,-1.430664,0.134766
1514764802,3,0.549072,-1.370728,0.118042
1514764802,3,0.572632,-1.336182,0.098022
1514764802,3,0.618774,-1.269531,0.022217
1514764802,3,0.603516,-1.237671,-0.031128
1514764802,3,0.649170,-1.227295,-0.055664
1514764802,3,0.757202,-1.227417,-0.124268
1514764802,3,0.801636,-1.175293,-0.195801
1514764802,3,0.814209,-1.132446,-0.226562
1514764802,3,0.807617,-1.083862,-0.254639
1514764802,3,0.834351,-1.089722,-0.276611
1514764802,3,0.836670,-1.186035,-0.296021
1514764802,3,0.853271,-1.221924,-0.299438
1514764802,3,0.869873,-1.246826,-0.304810
1514764802,3,0.869263,-1.263062,-0.303711
1514764802,3,0.883423,-1.276489,-0.292480
1514764802,3,0.884644,-1.279785,-0.281616
1514764802,3,0.881958,-1.269043,-0.283936
1514764802,3,0.879395,-1.242920,-0.293091
1514764802,3,0.869019,-1.170044,-0.299927
1514764802,3,0.861450,-1.139282,-0.307373
1514764802,3,0.849731,-1.113647,-0.307617
1514764802,3,0.836914,-1.084229,-0.311401
1514764802,3,0.790894,-1.037109,-0.313599
1514764802,3,0.781006,-1.028809,-0.318970
1514764802,3,0.778687,-1.015259,-0.315918
1514764802,3,0.779907,-1.002319,-0.311890
1514764802,3,0.777588,-0.964355,-0.319092
1514764802,3,0.771729,-0.946045,-0.321655
1514764802,3,0.768555,-0.931396,-0.328125
1514764802,3,0.786621,-0.918579,-0.332642
1514764802,3,0.726807,-0.929932,-0.338867
1514764802,3,0.718018,-0.949097,-0.359619
1514764802,3,0.734131,-0.968872,-0.367554
1514764802,3,0.756470,-0.996826,-0.371216
1514764802,3,0.760620,-1.002808,-0.386475
1514764802,3,0.734497,-0.978027,-0.406982
1514764802,3,0.694580,-0.947388,-0.427246
1514764802,3,0.658569,-0.917969,-0.442993
1514764802,3,0.646973,-0.922852,-0.455444
1514764802,3,0.639771,-0.941895,-0.463867
1514764802,3,0.641113,-0.952515,-0.466797
1514764802,3,0.650757,-0.961304,-0.466675
1514764802,3,0.673462,-0.957397,-0.459106
1514764802,3,0.673584,-0.947144,-0.458008
1514764802,3,0.657837,-0.953247,-0.465942
1514764802,3,0.647705,-0.952759,-0.479004
1514764802,3,0.629761,-0.961182,-0.497559
1514764802,3,0.635498,-0.960083,-0.497559
1514764802,3,0.635376,-0.965210,-0.498413
1514764802,3,0.622925,-0.974121,-0.503662
1514764802,3,0.598145,-0.975464,-0.525024
1514764802,3,0.589966,-0.979492,-0.519165
1514764802,3,0.588745,-0.978760,-0.511719
1514764802,3,0.585693,-0.975708,-0.506348
1514764802,3,0.587402,-0.954590,-0.479614
1514764802,3,0.589478,-0.946045,-0.468506
1514764802,3,0.585327,-0.941895,-0.457886
1514764802,3,0.564087,-0.948486,-0.450928
1514764802,3,0.520752,-0.914185,-0.452515
1514764802,3,0.488647,-0.908081,-0.453857
1514764802,3,0.463867,-0.901978,-0.453857
1514764802,3,0.450317,-0.890381,-0.455200
1514764802,3,0.428711,-0.877930,-0.453613
1514764802,3,0.424438,-0.873291,-0.446655
1514764802,3,0.418701,-0.869873,-0.441040
1514764802,3,0.415527,-0.868164,-0.430420
1514764802,3,0.405884,-0.843262,-0.403076
1514764802,3,0.402588,-0.825928,-0.389893
1514764802,3,0.406738,-0.805054,-0.375366
1514764802,3,0.405518,-0.773560,-0.358643
1514764802,3,0.398682,-0.717163,-0.316528
1514764802,3,0.393188,-0.702881,-0.307983
1514764802,3,0.390381,-0.705444,-0.293335
1514764802,3,0.384033,-0.706543,-0.276733
1514764802,3,0.356445,-0.667236,-0.271973
1514764802,3,0.336914,-0.644409,-0.273315
1514764802,3,0.305786,-0.628174,-0.261963
1514764802,3,0.288818,-0.605957,-0.255615
1514764802,3,0.268433,-0.604004,-0.234619
1514764802,3,0.267334,-0.597534,-0.226807
1514764802,3,0.272095,-0.591675,-0.214600
1514764802,3,0.268188,-0.586670,-0.201294
1514764802,3,0.251587,-0.563354,-0.182617
1514764802,3,0.230713,-0.550415,-0.176147
1514764802,3,0.222412,-0.539185,-0.169678
1514764802,3,0.218018,-0.525391,-0.151978
1514764802,3,0.199463,-0.498657,-0.118652
1514764802,3,0.184448,-0.484009,-0.097412
1514764802,3,0.168579,-0.463135,-0.086182
1514764802,3,0.161499,-0.439697,-0.078979
1514764802,3,0.150757,-0.397949,-0.053345
1514764802,3,0.149902,-0.380371,-0.046021
1514764802,3,0.150879,-0.365723,-0.035278
1514764802,3,0.147583,-0.348022,-0.023804
1514764802,3,0.130249,-0.320190,-0.018311
1514764802,3,0.119019,-0.303711,-0.016357
1514764802,3,0.109985,-0.300537,-0.018311
1514764802,3,0.095459,-0.298706,-0.018677
1514764802,3,0.066406,-0.304688,-0.035278
1514764802,3,0.047852,-0.305420,-0.040161
1514764802,3,0.038086,-0.308105,-0.039917
1514764802,3,0.031250,-0.311157,-0.038574
1514764802,3,0.028076,-0.329346,-0.047485
1514764802,3,0.030273,-0.347900,-0.046265
1514764802,3,0.039795,-0.369751,-0.045044
1514764802,3,0.061157,-0.389526,-0.045776
1514764802,3,0.095093,-0.423340,-0.038696
1514764802,3,0.108643,-0.433472,-0.034668
1514764802,3,0.108276,-0.452271,-0.026245
1514764802,3,0.094727,-0.454956,-0.024780
1514764802,3,0.078979,-0.462646,-0.027100
1514764802,3,0.075928,-0.468628,-0.029785
1514764802,3,0.079224,-0.466064,-0.026733
1514764802,3,0.084106,-0.461914,-0.019531
1514764802,3,0.099609,-0.453857,-0.021729
1514764802,3,0.108643,-0.448486,-0.025635
1514764802,3,0.121948,-0.446411,-0.025879
1514764802,3,0.139038,-0.447632,-0.027710
1514764802,3,0.196411,-0.440796,-0.040283
1514764802,3,0.225098,-0.435913,-0.039917
1514764802,3,0.253784,-0.428345,-0.041870
1514764802,3,0.281006,-0.422607,-0.046875
1514764802,3,0.317749,-0.410156,-0.051636
1514764802,3,0.331543,-0.403198,-0.055786
1514764802,3,0.341431,-0.396118,-0.060425
1514764802,3,0.346313,-0.395874,-0.071655
1514764802,3,0.352783,-0.407104,-0.108032
1514764802,3,0.355225,-0.422607,-0.128296
1514764802,3,0.360352,-0.450928,-0.148682
1514764802,3,0.370239,-0.479614,-0.164062
1514764802,3,0.382080,-0.513428,-0.169678
1514764802,3,0.384766,-0.518066,-0.159424
1514764802,3,0.389404,-0.517700,-0.154297
1514764802,3,0.396973,-0.515015,-0.148560
1514764802,3,0.414429,-0.524780,-0.150757
1514764802,3,0.427124,-0.540039,-0.163696
1514764802,3,0.447876,-0.559814,-0.172607
1514764802,3,0.480225,-0.580444,-0.173462
1514764802,3,0.558960,-0.616455,-0.165527
1514764802,3,0.607788,-0.630493,-0.157593
1514764802,3,0.650024,-0.642700,-0.140503
1514764802,3,0.689697,-0.648560,-0.119995
1514764802,3,0.747803,-0.658081,-0.083740
1514764802,3,0.765869,-0.659546,-0.073364
1514764802,3,0.775757,-0.652466,-0.069702
1514764802,3,0.776245,-0.640625,-0.070801
1514764802,3,0.766357,-0.605835,-0.082520
1514764802,3,0.765991,-0.586792,-0.078125
1514764802,3,0.765869,-0.566406,-0.080811
1514764803,3,0.767334,-0.544800,-0.087158
1514764803,3,0.777466,-0.498779,-0.095459
1514764803,3,0.782471,-0.473389,-0.095459
1514764803,3,0.791748,-0.446289,-0.094116
1514764803,3,0.809937,-0.420288,-0.090454
1514764803,3,0.867432,-0.368652,-0.072754
1514764803,3,0.894287,-0.343140,-0.054688
1514764803,3,0.926147,-0.317383,-0.044312
1514764803,3,0.960693,-0.303955,-0.033691
1514764803,3,1.006836,-0.281738,-0.026245
1514764803,3,1.025269,-0.266357,-0.023315
1514764803,3,1.031616,-0.248657,-0.014648
1514764803,3,1.035645,-0.237427,-0.020874
1514764803,3,1.050171,-0.220459,-0.047974
1514764803,3,1.053223,-0.212158,-0.063477
1514764803,3,1.054810,-0.195679,-0.071777
1514764803,3,1.049683,-0.180664,-0.075928
1514764803,3,1.038086,-0.147827,-0.079956
1514764803,3,1.036255,-0.133057,-0.079956
1514764803,3,1.038330,-0.125977,-0.083496
1514764803,3,1.038940,-0.123047,-0.089844
1514764803,3,1.036133,-0.111328,-0.088989
1514764803,3,1.040161,-0.102539,-0.085815
1514764803,3,1.042969,-0.083862,-0.086304
1514764803,3,1.050171,-0.071289,-0.084717
1514764803,3,1.063965,-0.037231,-0.082886
1514764803,3,1.070190,-0.024170,-0.081665
1514764803,3,1.078247,-0.009033,-0.083374
1514764803,3,1.082642,0.000366,-0.085571
1514764803,3,1.093872,0.019043,-0.086670
1514764803,3,1.105713,0.030884,-0.088379
1514764803,3,1.116333,0.035522,-0.083252
1514764803,3,1.127441,0.040039,-0.078735
1514764803,3,1.147461,0.042236,-0.081665
1514764803,3,1.158081,0.036743,-0.089111
1514764803,3,1.171631,0.027588,-0.092529
1514764803,3,1.187744,0.010254,-0.088379
1514764803,3,1.239746,-0.031372,-0.078735
1514764803,3,1.268311,-0.048096,-0.075073
1514764803,3,1.297607,-0.066162,-0.074463
1514764803,3,1.327759,-0.080322,-0.072144
1514764803,3,1.373535,-0.114502,-0.071899
1514764803,3,1.396729,-0.128662,-0.067993
1514764803,3,1.420166,-0.147827,-0.062134
1514764803,3,1.441650,-0.160767,-0.062500
1514764803,3,1.464233,-0.180176,-0.060059
1514764803,3,1.475464,-0.189331,-0.057739
1514764803,3,1.480957,-0.204224,-0.057129
1514764803,3,1.478882,-0.216553,-0.063232
1514764803,3,1.481079,-0.225952,-0.086548
1514764803,3,1.478394,-0.232422,-0.100952
1514764803,3,1.474731,-0.236328,-0.111328
1514764803,3,1.468750,-0.246704,-0.119751
1514764803,3,1.454590,-0.265625,-0.118896
1514764803,3,1.446045,-0.273438,-0.111938
1514764803,3,1.436157,-0.286377,-0.098511
1514764803,3,1.432617,-0.294922,-0.081665
1514764803,3,1.422241,-0.316162,-0.040771
1514764803,3,1.413086,-0.320190,-0.024292
1514764803,3,1.397339,-0.321655,-0.010132
1514764803,3,1.381348,-0.322144,0.001221
1514764803,3,1.346313,-0.318848,0.009766
1514764803,3,1.333252,-0.314941,0.010132
1514764803,3,1.293701,-0.307495,-0.007568
1514764803,3,1.273804,-0.300903,-0.016235
1514764803,3,1.231323,-0.279175,-0.030762
1514764803,3,1.208374,-0.270874,-0.041626
1514764803,3,1.184937,-0.260376,-0.050537
1514764803,3,1.163330,-0.257080,-0.065918
1514764803,3,1.129150,-0.247803,-0.079834
1514764803,3,1.111694,-0.233765,-0.085938
1514764803,3,1.095703,-0.224121,-0.087280
1514764803,3,1.083252,-0.217529,-0.087524
1514764803,3,1.052002,-0.218384,-0.093140
1514764803,3,1.042358,-0.218262,-0.092651
1514764803,3,1.029907,-0.216919,-0.085571
1514764803,3,1.020874,-0.215454,-0.086914
1514764803,3,1.003052,-0.211182,-0.085449
1514764803,3,0.990967,-0.205933,-0.082153
1514764803,3,0.980591,-0.195068,-0.077881
1514764803,3,0.969604,-0.185791,-0.079468
1514764803,3,0.949707,-0.166870,-0.077759
1514764803,3,0.941895,-0.160522,-0.078979
1514764803,3,0.932861,-0.159424,-0.081543
1514764803,3,0.929321,-0.156616,-0.083130
1514764803,3,0.924683,-0.159912,-0.093506
1514764803,3,0.923584,-0.156982,-0.095947
1514764803,3,0.924805,-0.158203,-0.099976
1514764803,3,0.925659,-0.156494,-0.099121
1514764803,3,0.930664,-0.155518,-0.104248
1514764803,3,0.935425,-0.157471,-0.109619
1514764803,3,0.936035,-0.159546,-0.108765
1514764803,3,0.936279,-0.163208,-0.110596
1514764803,3,0.937378,-0.174683,-0.113525
1514764803,3,0.938477,-0.180298,-0.115967
1514764803,3,0.938843,-0.186523,-0.115723
1514764803,3,0.937134,-0.191162,-0.121460
1514764803,3,0.938110,-0.197632,-0.121460
1514764803,3,0.940308,-0.199341,-0.120972
1514764803,3,0.942993,-0.199585,-0.122925
1514764803,3,0.942139,-0.202148,-0.119263
1514764803,3,0.948242,-0.206421,-0.116211
1514764803,3,0.954712,-0.211548,-0.115356
1514764803,3,0.957153,-0.210205,-0.118774
1514764803,3,0.961304,-0.211426,-0.123047
1514764803,3,0.969360,-0.220947,-0.130737
1514764803,3,0.972778,-0.223145,-0.136475
1514764803,3,0.979126,-0.226440,-0.141113
1514764803,3,0.983887,-0.229980,-0.144043
1514764803,3,0.990845,-0.228394,-0.148438
1514764803,3,0.996216,-0.229736,-0.144775
1514764803,3,1.001343,-0.224243,-0.139526
1514764803,3,1.008423,-0.218262,-0.138306
1514764803,3,1.014893,-0.207886,-0.135376
1514764803,3,1.018555,-0.200195,-0.136841
1514764803,3,1.024292,-0.199829,-0.133667
1514764803,3,1.032471,-0.199707,-0.130615
1514764803,3,1.054077,-0.227783,-0.124023
1514764803,3,1.071655,-0.246582,-0.122559
1514764803,3,1.092529,-0.267700,-0.123901
1514764803,3,1.110962,-0.282471,-0.121826
1514764803,3,1.146973,-0.309326,-0.118286
1514764803,3,1.168701,-0.323975,-0.116821
1514764803,3,1.187866,-0.333374,-0.120483
1514764803,3,1.204834,-0.338867,-0.125977
1514764803,3,1.234619,-0.334839,-0.137695
1514764803,3,1.244751,-0.328247,-0.142334
1514764803,3,1.259033,-0.324463,-0.140259
1514764803,3,1.271851,-0.323242,-0.139771
1514764803,3,1.300049,-0.332275,-0.141724
1514764803,3,1.310669,-0.337036,-0.143799
1514764803,3,1.322754,-0.337280,-0.151489
1514764803,3,1.335205,-0.334106,-0.160889
1514764803,3,1.352295,-0.327026,-0.167236
1514764803,3,1.365356,-0.328491,-0.168091
1514764803,3,1.373535,-0.328857,-0.169067
1514764803,3,1.386963,-0.327759,-0.164185
1514764803,3,1.408325,-0.322021,-0.153809
1514764803,3,1.421631,-0.317871,-0.149292
1514764803,3,1.429688,-0.320190,-0.141846
1514764803,3,1.440674,-0.323120,-0.131470
1514764803,3,1.462158,-0.333252,-0.129761
1514764803,3,1.473877,-0.336182,-0.132812
1514764803,3,1.480103,-0.338989,-0.139771
1514764803,3,1.485229,-0.340454,-0.145752
1514764803,3,1.499268,-0.340210,-0.157715
1514764803,3,1.504272,-0.337158,-0.162231
1514764803,3,1.503540,-0.327026,-0.174438
1514764803,3,1.515869,-0.315552,-0.185791
1514764803,3,1.527344,-0.308105,-0.185303
1514764803,3,1.526367,-0.310059,-0.189575
1514764803,3,1.528320,-0.311523,-0.196899
1514764803,3,1.528442,-0.321533,-0.199219
1514764803,3,1.536255,-0.332520,-0.199219
1514764803,3,1.539062,-0.334595,-0.201416
1514764803,3,1.543945,-0.334961,-0.202148
1514764803,3,1.547485,-0.333130,-0.203613
1514764803,3,1.556152,-0.327637,-0.190552
1514764803,3,1.558838,-0.322388,-0.182129
1514764803,3,1.558594,-0.315186,-0.173340
1514764803,3,1.556519,-0.307373,-0.166504
1514764803,3,1.548706,-0.297363,-0.162231
1514764803,3,1.543823,-0.289795,-0.169067
1514764803,3,1.535767,-0.281616,-0.175659
1514764803,3,1.533081,-0.274536,-0.179443
1514764803,3,1.513184,-0.268188,-0.195923
1514764803,3,1.498657,-0.267578,-0.203125
1514764803,3,1.480835,-0.265381,-0.207520
1514764803,3,1.456055,-0.258789,-0.203369
1514764803,3,1.412720,-0.246826,-0.191895
1514764803,3,1.395386,-0.237427,-0.189087
1514764803,3,1.369995,-0.228760,-0.187134
1514764803,3,1.352417,-0.220825,-0.184204
1514764803,3,1.312988,-0.207886,-0.170532
1514764803,3,1.291382,-0.200562,-0.162964
1514764803,3,1.268799,-0.195312,-0.157471
1514764803,3,1.246704,-0.188965,-0.152832
1514764803,3,1.206299,-0.178711,-0.142212
1514764803,3,1.185547,-0.175293,-0.137329
1514764803,3,1.162231,-0.171875,-0.132080
1514764803,3,1.141968,-0.167114,-0.127808
1514764803,3,1.113892,-0.170898,-0.104370
1514764803,3,1.106689,-0.173462,-0.094482
1514764803,3,1.099976,-0.173828,-0.086426
1514764803,3,1.085083,-0.170654,-0.082397
1514764803,3,1.047607,-0.147339,-0.084717
1514764803,3,1.027710,-0.128418,-0.085449
1514764803,3,1.004028,-0.108887,-0.087769
1514764803,3,0.975708,-0.090454,-0.089233
1514764803,3,0.918823,-0.049561,-0.098633
1514764803,3,0.891235,-0.027466,-0.100830
1514764803,3,0.864258,-0.007935,-0.102417
1514764803,3,0.836792,0.006714,-0.101929
1514764803,3,0.794556,0.030640,-0.092773
1514764803,3,0.772949,0.034424,-0.082642
1514764803,3,0.750366,0.041382,-0.075439
1514764803,3,0.733276,0.039429,-0.062012
1514764803,3,0.700195,0.030640,-0.046021
1514764803,3,0.684448,0.023682,-0.038574
1514764804,3,0.674316,0.021973,-0.030396
1514764804,3,0.663208,0.011841,-0.020508
1514764804,3,0.657227,-0.004150,-0.006592
1514764804,3,0.656860,-0.006348,-0.001221
1514764804,3,0.655884,-0.007446,0.000488
1514764804,3,0.658447,-0.005859,0.001831
1514764804,3,0.659912,0.002319,0.006958
1514764804,3,0.654785,0.013550,0.009766
1514764804,3,0.649658,0.016479,0.012573
1514764804,3,0.644165,0.021851,0.016602
1514764804,3,0.636719,0.020874,0.022461
1514764804,3,0.637817,0.018311,0.024536
1514764804,3,0.638672,0.013550,0.027832
1514764804,3,0.647339,0.008545,0.027588
1514764804,3,0.669434,0.000244,0.022339
1514764804,3,0.685425,-0.002808,0.022705
1514764804,3,0.699097,-0.002686,0.024292
1514764804,3,0.714111,-0.008423,0.025513
1514764804,3,0.739868,-0.012329,0.022705
1514764804,3,0.748779,-0.009644,0.018433
1514764804,3,0.760010,-0.005493,0.016968
1514764804,3,0.764282,-0.001343,0.016724
1514764804,3,0.776733,0.007812,0.011597
1514764804,3,0.786011,0.014038,0.007812
1514764804,3,0.786011,0.022827,0.003784
1514764804,3,0.795776,0.033447,0.004150
1514764804,3,0.816040,0.046143,0.001343
1514764804,3,0.835083,0.052490,-0.002319
1514764804,3,0.851685,0.059814,-0.004761
1514764804,3,0.870972,0.068481,-0.005737
1514764804,3,0.903320,0.089478,-0.005981
1514764804,3,0.914917,0.096680,-0.006348
1514764804,3,0.924683,0.103638,-0.004517
1514764804,3,0.936035,0.106934,-0.001709
1514764804,3,0.960938,0.108032,0.001953
1514764804,3,0.975342,0.105713,0.001953
1514764804,3,0.987671,0.101562,0.002686
1514764804,3,0.997070,0.101440,0.004272
1514764804,3,1.020020,0.089111,0.001587
1514764804,3,1.029419,0.086182,0.002319
1514764804,3,1.037354,0.081665,-0.000610
1514764804,3,1.047119,0.081909,-0.004761
1514764804,3,1.075317,0.063599,-0.013672
1514764804,3,1.088989,0.056641,-0.016968
1514764804,3,1.104980,0.048828,-0.020020
1514764804,3,1.122192,0.043213,-0.019531
1514764804,3,1.157104,0.039551,-0.029785
1514764804,3,1.174805,0.036499,-0.040161
1514764804,3,1.195068,0.033203,-0.045532
1514764804,3,1.209717,0.033447,-0.054688
1514764804,3,1.242798,0.027100,-0.064087
1514764804,3,1.262329,0.017456,-0.064697
1514764804,3,1.281860,0.008301,-0.064697
1514764804,3,1.302856,-0.003906,-0.066772
1514764804,3,1.348145,-0.035767,-0.065674
1514764804,3,1.369507,-0.050781,-0.067627
1514764804,3,1.390625,-0.066284,-0.066406
1514764804,3,1.410645,-0.078247,-0.067261
1514764804,3,1.446167,-0.097046,-0.066162
1514764804,3,1.463135,-0.101440,-0.064331
1514764804,3,1.482788,-0.106567,-0.068848
1514764804,3,1.494385,-0.108398,-0.073364
1514764804,3,1.520020,-0.110107,-0.093994
1514764804,3,1.530151,-0.104492,-0.102051
1514764804,3,1.533203,-0.101196,-0.106934
1514764804,3,1.542480,-0.094238,-0.114502
1514764804,3,1.562866,-0.085083,-0.121948
1514764804,3,1.574097,-0.088013,-0.125488
1514764804,3,1.585938,-0.096802,-0.123901
1514764804,3,1.604004,-0.105957,-0.123047
1514764804,3,1.631714,-0.121704,-0.110840
1514764804,3,1.644287,-0.127930,-0.104736
1514764804,3,1.653931,-0.127930,-0.095703
1514764804,3,1.661743,-0.128784,-0.087524
1514764804,3,1.670654,-0.128540,-0.068481
1514764804,3,1.672241,-0.129395,-0.056763
1514764804,3,1.674438,-0.132324,-0.041748
1514764804,3,1.672363,-0.133911,-0.031616
1514764804,3,1.657471,-0.132324,-0.009766
1514764804,3,1.651733,-0.133789,-0.006104
1514764804,3,1.634155,-0.130737,-0.006348
1514764804,3,1.625854,-0.134521,-0.003296
1514764804,3,1.605713,-0.141724,-0.001465
1514764804,3,1.600098,-0.147705,-0.001099
1514764804,3,1.590576,-0.155762,0.006348
1514764804,3,1.580688,-0.171021,0.012573
1514764804,3,1.558105,-0.213745,0.033691
1514764804,3,1.540894,-0.239136,0.048584
1514764804,3,1.531128,-0.264160,0.072998
1514764804,3,1.524048,-0.281860,0.082031
1514764804,3,1.535645,-0.284790,0.109375
1514764804,3,1.543213,-0.234131,0.111328
1514764804,3,1.515137,-0.136597,0.098267
1514764804,3,1.460571,-0.010620,0.073975
1514764804,3,1.437988,0.109131,0.067871
1514764804,3,1.438477,0.062866,0.058960
1514764804,3,1.451904,-0.037476,0.053711
1514764804,3,1.459961,-0.151123,0.058228
1514764804,3,1.476074,-0.335083,0.076660
1514764804,3,1.439209,-0.366699,0.086548
1514764804,3,1.386230,-0.358643,0.097534
1514764804,3,1.322754,-0.331055,0.129639
1514764804,3,1.225464,-0.279419,0.177612
1514764804,3,1.195190,-0.262207,0.188354
1514764804,3,1.164795,-0.257690,0.191895
1514764804,3,1.143677,-0.260132,0.193848
1514764804,3,1.117798,-0.253174,0.198975
1514764804,3,1.110718,-0.235596,0.205444
1514764804,3,1.109619,-0.218384,0.212646
1514764804,3,1.107056,-0.198853,0.211304
1514764804,3,1.101807,-0.166260,0.203369
1514764804,3,1.097290,-0.145508,0.197632
1514764804,3,1.090454,-0.133057,0.192749
1514764804,3,1.081177,-0.124390,0.186646
1514764804,3,1.061646,-0.121460,0.178467
1514764804,3,1.048340,-0.120728,0.176147
1514764804,3,1.039917,-0.117920,0.174438
1514764804,3,1.026367,-0.115112,0.173096
1514764804,3,0.999512,-0.112793,0.169067
1514764804,3,0.981445,-0.112305,0.167725
1514764804,3,0.965820,-0.114868,0.165527
1514764804,3,0.953613,-0.120728,0.164795
1514764804,3,0.936279,-0.126221,0.164307
1514764804,3,0.931152,-0.123169,0.166016
1514764804,3,0.926880,-0.121948,0.170166
1514764804,3,0.918213,-0.120239,0.174561
1514764804,3,0.907837,-0.132324,0.174805
1514764804,3,0.899414,-0.138672,0.171997
1514764804,3,0.892578,-0.144531,0.168335
1514764804,3,0.888672,-0.144897,0.168579
1514764804,3,0.874390,-0.147583,0.163818
1514764804,3,0.864136,-0.148804,0.159424
1514764804,3,0.854614,-0.150513,0.156128
1514764804,3,0.842041,-0.150391,0.153076
1514764804,3,0.822388,-0.151001,0.149658
1514764804,3,0.818359,-0.150879,0.147583
1514764804,3,0.812256,-0.154419,0.147217
1514764804,3,0.807983,-0.162354,0.145630
1514764804,3,0.809692,-0.176270,0.143066
1514764804,3,0.811279,-0.185303,0.142700
1514764804,3,0.811646,-0.201172,0.139893
1514764804,3,0.808228,-0.202881,0.139404
1514764804,3,0.805542,-0.213867,0.135376
1514764804,3,0.805908,-0.215210,0.132202
1514764804,3,0.809692,-0.222046,0.124023
1514764804,3,0.814209,-0.219238,0.116089
1514764804,3,0.822144,-0.216675,0.108521
1514764804,3,0.823608,-0.208496,0.110840
1514764804,3,0.825928,-0.200317,0.114014
1514764804,3,0.833252,-0.193848,0.116455
1514764804,3,0.849121,-0.180908,0.118774
1514764804,3,0.857544,-0.176514,0.117065
1514764804,3,0.867188,-0.170532,0.113037
1514764804,3,0.874023,-0.171997,0.113159
1514764804,3,0.894409,-0.187012,0.114990
1514764804,3,0.901245,-0.199097,0.109009
1514764804,3,0.906860,-0.212524,0.106812
1514764804,3,0.915405,-0.227783,0.106201
1514764804,3,0.903809,-0.247803,0.116455
1514764804,3,0.916138,-0.264648,0.098389
1514764804,3,0.933960,-0.277100,0.096802
1514764804,3,0.942871,-0.290771,0.090698
1514764804,3,0.958130,-0.286377,0.069702
1514764804,3,0.956177,-0.277222,0.062988
1514764804,3,0.956665,-0.258179,0.050659
1514764804,3,0.968140,-0.239136,0.042480
1514764804,3,0.988647,-0.202637,0.027954
1514764804,3,1.004883,-0.193237,0.020142
1514764804,3,1.019287,-0.184326,0.014404
1514764804,3,1.031860,-0.176270,0.004639
1514764804,3,1.066040,-0.161499,-0.007568
1514764804,3,1.089722,-0.153320,-0.008789
1514764804,3,1.106812,-0.147339,-0.010376
1514764804,3,1.122559,-0.144287,-0.013550
1514764804,3,1.154785,-0.134399,-0.019775
1514764804,3,1.171997,-0.129761,-0.023071
1514764804,3,1.192017,-0.126099,-0.030518
1514764804,3,1.206665,-0.127563,-0.041504
1514764804,3,1.234375,-0.125977,-0.056152
1514764804,3,1.237793,-0.126709,-0.065552
1514764804,3,1.240723,-0.126587,-0.071167
1514764804,3,1.245605,-0.131348,-0.069092
1514764804,3,1.270020,-0.124512,-0.049683
1514764804,3,1.284058,-0.116211,-0.040527
1514764804,3,1.296021,-0.108521,-0.030273
1514764804,3,1.308960,-0.104736,-0.028442
1514764804,3,1.330688,-0.095703,-0.020752
1514764804,3,1.333740,-0.088135,-0.018066
1514764804,3,1.345337,-0.079224,-0.012451
1514764804,3,1.351562,-0.074951,-0.007812
1514764804,3,1.369263,-0.062134,-0.002441
1514764804,3,1.377075,-0.057739,-0.003784
1514764804,3,1.385864,-0.055298,-0.015259
1514764804,3,1.381714,-0.041260,-0.033691
1514764804,3,1.386353,-0.020508,-0.029663
1514764804,3,1.399536,-0.024048,-0.023560
1514764804,3,1.431274,-0.031616,-0.022583
1514764804,3,1.469849,-0.034790,-0.029663
1514764804,3,1.545898,-0.033447,-0.037720
1514764805,3,1.577515,-0.029175,-0.035889
1514764805,3,1.606567,-0.038696,-0.040283
1514764805,3,1.620850,-0.049072,-0.043335
1514764805,3,1.632446,-0.074097,-0.039673
1514764805,3,1.633301,-0.085083,-0.031006
1514764805,3,1.635742,-0.088257,-0.022461
1514764805,3,1.638916,-0.083496,-0.009399
1514764805,3,1.640869,-0.070312,0.023315
1514764805,3,1.635376,-0.058350,0.028076
1514764805,3,1.626099,-0.047607,0.030273
1514764805,3,1.613281,-0.038940,0.025513
1514764805,3,1.581543,-0.040649,0.002319
1514764805,3,1.570557,-0.048584,0.006592
1514764805,3,1.553345,-0.058105,0.014404
1514764805,3,1.548584,-0.065430,0.028320
1514764805,3,1.559326,-0.070923,0.043213
1514764805,3,1.564575,-0.078857,0.049683
1514764805,3,1.564209,-0.088623,0.055908
1514764805,3,1.568481,-0.099731,0.065186
1514764805,3,1.566284,-0.124146,0.087402
1514764805,3,1.550659,-0.123535,0.091064
1514764805,3,1.529297,-0.118652,0.093140
1514764805,3,1.507568,-0.105103,0.093750
1514764805,3,1.466797,-0.060303,0.091064
1514764805,3,1.444214,-0.034302,0.088745
1514764805,3,1.426758,-0.019409,0.080078
1514764805,3,1.399292,-0.010010,0.072510
1514764805,3,1.344116,0.007568,0.072144
1514764805,3,1.317993,0.014893,0.073730
1514764805,3,1.284302,0.017090,0.072998
1514764805,3,1.256348,0.021240,0.072388
1514764805,3,1.205444,0.015503,0.076416
1514764805,3,1.187256,0.012207,0.077026
1514764805,3,1.167969,0.006714,0.078613
1514764805,3,1.148071,-0.001953,0.072998
1514764805,3,1.110474,-0.014404,0.077393
1514764805,3,1.091431,-0.021729,0.079834
1514764805,3,1.076050,-0.025513,0.083618
1514764805,3,1.062378,-0.030151,0.087158
1514764805,3,1.027222,-0.030884,0.093262
1514764805,3,1.006470,-0.033203,0.098267
1514764805,3,0.987793,-0.033569,0.098877
1514764805,3,0.943604,-0.027832,0.097778
1514764805,3,0.901978,-0.025513,0.096191
1514764805,3,0.881836,-0.028076,0.090210
1514764805,3,0.861938,-0.033569,0.087036
1514764805,3,0.842773,-0.035034,0.089844
1514764805,3,0.809448,-0.047729,0.087158
1514764805,3,0.795776,-0.051147,0.076782
1514764805,3,0.785767,-0.052124,0.068481
1514764805,3,0.773560,-0.056274,0.062744
1514764805,3,0.747559,-0.061279,0.057129
1514764805,3,0.739624,-0.069214,0.061523
1514764805,3,0.736938,-0.076782,0.060303
1514764805,3,0.733521,-0.083984,0.064575
1514764805,3,0.716309,-0.081421,0.081055
1514764805,3,0.705444,-0.081299,0.085938
1514764805,3,0.688843,-0.079102,0.087280
1514764805,3,0.681274,-0.073364,0.087280
1514764805,3,0.652832,-0.070435,0.087036
1514764805,3,0.645996,-0.066772,0.090942
1514764805,3,0.642700,-0.068359,0.094116
1514764805,3,0.635376,-0.066772,0.101074
1514764805,3,0.634888,-0.058838,0.109009
1514764805,3,0.638306,-0.058838,0.106934
1514764805,3,0.634277,-0.060425,0.107910
1514764805,3,0.626953,-0.067871,0.097412
1514764805,3,0.626099,-0.097412,0.070679
1514764805,3,0.634888,-0.133057,0.078369
1514764805,3,0.626343,-0.160156,0.068237
1514764805,3,0.627686,-0.174805,0.064453
1514764805,3,0.650024,-0.178955,0.074707
1514764805,3,0.652344,-0.178223,0.068726
1514764805,3,0.647217,-0.177734,0.066284
1514764805,3,0.647461,-0.166992,0.052368
1514764805,3,0.644165,-0.160278,0.063477
1514764805,3,0.646606,-0.161255,0.063354
1514764805,3,0.649414,-0.179443,0.062012
1514764805,3,0.647461,-0.199341,0.065063
1514764805,3,0.663452,-0.249268,0.056641
1514764805,3,0.671997,-0.263428,0.052368
1514764805,3,0.675537,-0.266479,0.049927
1514764805,3,0.678711,-0.268921,0.050903
1514764805,3,0.679199,-0.289429,0.051514
1514764805,3,0.691284,-0.314941,0.055298
1514764805,3,0.712524,-0.328979,0.058594
1514764805,3,0.734497,-0.336426,0.063843
1514764805,3,0.771973,-0.330078,0.068726
1514764805,3,0.776001,-0.325195,0.070312
1514764805,3,0.770508,-0.316528,0.061401
1514764805,3,0.764893,-0.306152,0.049805
1514764805,3,0.756104,-0.282471,0.049194
1514764805,3,0.765991,-0.284790,0.048096
1514764805,3,0.778442,-0.291870,0.047363
1514764805,3,0.801758,-0.302124,0.051880
1514764805,3,0.823975,-0.354248,0.060547
1514764805,3,0.847290,-0.395996,0.064209
1514764805,3,0.869629,-0.424438,0.066895
1514764805,3,0.900269,-0.431519,0.076660
1514764805,3,0.952393,-0.407227,0.093140
1514764805,3,0.975220,-0.403931,0.106567
1514764805,3,0.992676,-0.426025,0.117676
1514764805,3,1.005981,-0.472168,0.118408
1514764805,3,1.043213,-0.546265,0.108032
1514764805,3,1.074951,-0.559204,0.106689
1514764805,3,1.098755,-0.559326,0.100830
1514764805,3,1.115845,-0.551270,0.092041
1514764805,3,1.142090,-0.511841,0.084106
1514764805,3,1.148682,-0.483276,0.087524
1514764805,3,1.167969,-0.457764,0.093628
1514764805,3,1.164551,-0.439697,0.087646
1514764805,3,1.160400,-0.389038,0.082764
1514764805,3,1.171387,-0.364990,0.074585
1514764805,3,1.168823,-0.348633,0.084473
1514764805,3,1.176270,-0.342285,0.089355
1514764805,3,1.194702,-0.357544,0.093506
1514764805,3,1.212280,-0.364380,0.100098
1514764805,3,1.227051,-0.356934,0.105469
1514764805,3,1.235596,-0.345337,0.110840
1514764805,3,1.243530,-0.312256,0.128784
1514764805,3,1.244385,-0.291626,0.133789
1514764805,3,1.246338,-0.273315,0.136963
1514764805,3,1.245605,-0.258545,0.138550
1514764805,3,1.242554,-0.227783,0.138184
1514764805,3,1.233521,-0.210205,0.133301
1514764805,3,1.228516,-0.207397,0.130005
1514764805,3,1.212891,-0.206909,0.122192
1514764805,3,1.199219,-0.207397,0.117920
1514764805,3,1.207520,-0.213013,0.112183
1514764805,3,1.211182,-0.206665,0.109985
1514764805,3,1.213501,-0.187134,0.109009
1514764805,3,1.230347,-0.154663,0.126221
1514764805,3,1.232178,-0.144653,0.128906
1514764805,3,1.228394,-0.151001,0.127441
1514764805,3,1.236206,-0.163696,0.125977
1514764805,3,1.237427,-0.181274,0.119629
1514764805,3,1.230713,-0.180420,0.114624
1514764805,3,1.235229,-0.181274,0.122803
1514764805,3,1.240723,-0.184204,0.124146
1514764805,3,1.266235,-0.224854,0.112061
1514764805,3,1.262329,-0.229004,0.108398
1514764805,3,1.253418,-0.221802,0.101440
1514764805,3,1.249146,-0.221436,0.099976
1514764805,3,1.239014,-0.245728,0.093506
1514764805,3,1.230591,-0.264771,0.091309
1514764805,3,1.229248,-0.277954,0.086792
1514764805,3,1.231445,-0.283813,0.083496
1514764805,3,1.224365,-0.280640,0.077026
1514764805,3,1.219116,-0.286865,0.073120
1514764805,3,1.213745,-0.294922,0.078613
1514764805,3,1.212891,-0.305054,0.081909
1514764805,3,1.220947,-0.321289,0.093384
1514764805,3,1.220093,-0.315430,0.095825
1514764805,3,1.228516,-0.299194,0.101196
1514764805,3,1.229004,-0.283691,0.114380
1514764805,3,1.209473,-0.277588,0.129517
1514764805,3,1.209595,-0.277222,0.129272
1514764805,3,1.194702,-0.275024,0.127075
1514764805,3,1.174072,-0.260376,0.130005
1514764805,3,1.140625,-0.230347,0.136597
1514764805,3,1.125488,-0.224365,0.129883
1514764805,3,1.118286,-0.227661,0.122803
1514764805,3,1.111328,-0.236938,0.114990
1514764805,3,1.106445,-0.266113,0.109131
1514764805,3,1.101807,-0.281616,0.103882
1514764805,3,1.093384,-0.292969,0.101318
1514764805,3,1.085327,-0.295898,0.096924
1514764805,3,1.071045,-0.287842,0.096558
1514764805,3,1.058838,-0.269043,0.100830
1514764805,3,1.048340,-0.258179,0.107178
1514764805,3,1.049438,-0.251343,0.115723
1514764805,3,1.048706,-0.238037,0.126587
1514764805,3,1.047485,-0.234009,0.132446
1514764805,3,1.036499,-0.229126,0.135254
1514764805,3,1.028198,-0.227661,0.133179
1514764805,3,1.030762,-0.243164,0.137329
1514764805,3,1.036499,-0.256104,0.143555
1514764805,3,1.020630,-0.265747,0.143677
1514764805,3,0.997925,-0.274536,0.140259
1514764805,3,0.961914,-0.265991,0.140015
1514764805,3,0.943726,-0.264648,0.140869
1514764805,3,0.935669,-0.266479,0.138672
1514764805,3,0.924316,-0.270020,0.131592
1514764805,3,0.914429,-0.271973,0.115356
1514764805,3,0.909180,-0.269043,0.106812
1514764805,3,0.898560,-0.262817,0.105103
1514764805,3,0.893921,-0.252930,0.109985
1514764805,3,0.901123,-0.232300,0.128052
1514764805,3,0.908813,-0.220215,0.135010
1514764805,3,0.913452,-0.203735,0.131958
1514764805,3,0.917480,-0.187866,0.135010
1514764805,3,0.907227,-0.157715,0.134766
1514764805,3,0.901367,-0.148682,0.136963
1514764805,3,0.900513,-0.135864,0.145142
1514764805,3,0.898682,-0.125366,0.151245
1514764805,3,0.905640,-0.110474,0.152466
1514764805,3,0.904907,-0.102051,0.151367
1514764805,3,0.902588,-0.093872,0.148438
1514764805,3,0.898926,-0.087280,0.144287
1514764806,3,0.883057,-0.091187,0.138184
1514764806,3,0.874878,-0.101807,0.133545
1514764806,3,0.868896,-0.114624,0.129517
1514764806,3,0.865967,-0.126831,0.126831
1514764806,3,0.859985,-0.147705,0.119629
1514764806,3,0.857666,-0.159912,0.114136
1514764806,3,0.857422,-0.169312,0.112427
1514764806,3,0.860474,-0.182129,0.108398
1514764806,3,0.873901,-0.220825,0.113525
1514764806,3,0.878296,-0.244995,0.114136
1514764806,3,0.881958,-0.266479,0.113770
1514764806,3,0.881958,-0.287598,0.114136
1514764806,3,0.884888,-0.320190,0.107422
1514764806,3,0.891846,-0.327637,0.106934
1514764806,3,0.901611,-0.333984,0.098877
1514764806,3,0.914307,-0.334839,0.094360
1514764806,3,0.932007,-0.342041,0.075928
1514764806,3,0.947021,-0.350220,0.064209
1514764806,3,0.959351,-0.356812,0.051758
1514764806,3,0.969482,-0.356445,0.036743
1514764806,3,0.981689,-0.343384,0.022827
1514764806,3,0.994263,-0.333130,0.023315
1514764806,3,1.004395,-0.327881,0.028442
1514764806,3,1.014160,-0.325928,0.033691
1514764806,3,1.035522,-0.324585,0.042969
1514764806,3,1.049683,-0.323120,0.045898
1514764806,3,1.057007,-0.319458,0.045532
1514764806,3,1.070801,-0.307007,0.044922
1514764806,3,1.099854,-0.298706,0.049805
1514764806,3,1.111084,-0.301147,0.040649
1514764806,3,1.129028,-0.305908,0.035156
1514764806,3,1.148926,-0.312988,0.029785
1514764806,3,1.176025,-0.318970,0.020996
1514764806,3,1.189697,-0.318970,0.013306
1514764806,3,1.208740,-0.317505,0.011841
1514764806,3,1.248413,-0.316040,0.015991
1514764806,3,1.279541,-0.306030,0.005249
1514764806,3,1.296631,-0.292480,0.003906
1514764806,3,1.305542,-0.276855,0.001465
1514764806,3,1.319702,-0.259521,-0.002686
1514764806,3,1.318604,-0.249634,-0.003418
1514764806,3,1.327393,-0.251831,-0.006592
1514764806,3,1.325928,-0.249756,-0.010132
1514764806,3,1.325806,-0.250488,-0.011597
1514764806,3,1.332520,-0.249023,-0.005127
1514764806,3,1.342041,-0.245605,-0.002075
1514764806,3,1.343994,-0.238770,0.000000
1514764806,3,1.349243,-0.226440,0.002197
1514764806,3,1.341064,-0.209351,0.009155
1514764806,3,1.335083,-0.201904,0.013184
1514764806,3,1.327026,-0.192871,0.017700
1514764806,3,1.312988,-0.185181,0.019409
1514764806,3,1.289795,-0.173096,0.022705
1514764806,3,1.278931,-0.162598,0.023682
1514764806,3,1.267578,-0.152100,0.023315
1514764806,3,1.262085,-0.141968,0.029663
1514764806,3,1.254639,-0.133911,0.038940
1514764806,3,1.246704,-0.129883,0.037476
1514764806,3,1.240234,-0.116455,0.032715
1514764806,3,1.229736,-0.103394,0.035400
1514764806,3,1.206909,-0.074219,0.039673
1514764806,3,1.191772,-0.060425,0.042725
1514764806,3,1.175781,-0.051880,0.042847
1514764806,3,1.160400,-0.048096,0.041992
1514764806,3,1.133911,-0.044556,0.051392
1514764806,3,1.126587,-0.043823,0.061279
1514764806,3,1.123657,-0.041260,0.061279
1514764806,3,1.112305,-0.032837,0.061523
1514764806,3,1.080444,-0.002319,0.058594
1514764806,3,1.059448,0.011108,0.053833
1514764806,3,1.041870,0.020142,0.051636
1514764806,3,1.018188,0.028809,0.044189
1514764806,3,0.987183,0.045532,0.033081
1514764806,3,0.957886,0.057129,0.025513
1514764806,3,0.947876,0.068115,0.016113
1514764806,3,0.929688,0.072998,0.017456
1514764806,3,0.902222,0.078735,0.012939
1514764806,3,0.886841,0.074585,0.007935
1514764806,3,0.870117,0.064819,0.002441
1514764806,3,0.855835,0.059570,-0.002319
1514764806,3,0.825562,0.053711,-0.002075
1514764806,3,0.814819,0.055664,0.002563
1514764806,3,0.804321,0.057007,0.003296
1514764806,3,0.795410,0.057983,0.000854
1514764806,3,0.784668,0.047241,-0.002808
1514764806,3,0.774902,0.044556,-0.004395
1514764806,3,0.765015,0.042114,-0.005981
1514764806,3,0.757324,0.039795,-0.000854
1514764806,3,0.742676,0.027344,0.002441
1514764806,3,0.736816,0.021729,0.005249
1514764806,3,0.732544,0.014526,0.010742
1514764806,3,0.727417,0.008667,0.013062
1514764806,3,0.719116,-0.003540,0.020264
1514764806,3,0.718140,-0.014771,0.024414
1514764806,3,0.720703,-0.029297,0.030640
1514764806,3,0.723389,-0.041748,0.032837
1514764806,3,0.731445,-0.070801,0.039551
1514764806,3,0.737793,-0.092041,0.045288
1514764806,3,0.739746,-0.114136,0.051636
1514764806,3,0.746094,-0.137207,0.054565
1514764806,3,0.749756,-0.174438,0.062378
1514764806,3,0.747437,-0.185059,0.070679
1514764806,3,0.744995,-0.203491,0.074585
1514764806,3,0.742798,-0.225586,0.078613
1514764806,3,0.746582,-0.272095,0.077393
1514764806,3,0.735718,-0.294678,0.073242
1514764806,3,0.739014,-0.323975,0.078369
1514764806,3,0.745239,-0.359131,0.076050
1514764806,3,0.758545,-0.409302,0.068115
1514764806,3,0.756714,-0.430542,0.065063
1514764806,3,0.750244,-0.448120,0.064331
1514764806,3,0.751465,-0.470337,0.067505
1514764806,3,0.751343,-0.506714,0.061279
1514764806,3,0.753418,-0.520264,0.059814
1514764806,3,0.758911,-0.536255,0.059692
1514764806,3,0.759033,-0.557617,0.052856
1514764806,3,0.751709,-0.614746,0.056152
1514764806,3,0.749878,-0.641968,0.057739
1514764806,3,0.746338,-0.667358,0.060059
1514764806,3,0.746948,-0.690796,0.066650
1514764806,3,0.746582,-0.723877,0.083130
1514764806,3,0.733032,-0.743652,0.094604
1514764806,3,0.730591,-0.761475,0.101074
1514764806,3,0.732910,-0.775513,0.105835
1514764806,3,0.717041,-0.806763,0.129028
1514764806,3,0.704346,-0.810059,0.132324
1514764806,3,0.715088,-0.810913,0.141602
1514764806,3,0.719604,-0.816895,0.148193
1514764806,3,0.694336,-0.833130,0.142944
1514764806,3,0.690552,-0.846069,0.138550
1514764806,3,0.688965,-0.863892,0.127930
1514764806,3,0.693359,-0.885864,0.120972
1514764806,3,0.695435,-0.948242,0.096191
1514764806,3,0.695190,-0.981079,0.086548
1514764806,3,0.690186,-1.006714,0.079224
1514764806,3,0.685913,-1.030518,0.073242
1514764806,3,0.651733,-1.052368,0.075073
1514764806,3,0.638550,-1.054321,0.075073
1514764806,3,0.624268,-1.062378,0.076172
1514764806,3,0.612671,-1.069946,0.075684
1514764806,3,0.595581,-1.092163,0.069458
1514764806,3,0.587891,-1.108398,0.066650
1514764806,3,0.588135,-1.128662,0.059814
1514764806,3,0.584717,-1.145020,0.056641
1514764806,3,0.585693,-1.175049,0.062012
1514764806,3,0.589966,-1.196655,0.058105
1514764806,3,0.596436,-1.221191,0.049561
1514764806,3,0.606201,-1.244751,0.038696
1514764806,3,0.628418,-1.295166,0.020142
1514764806,3,0.632812,-1.310547,0.008423
1514764806,3,0.629517,-1.323242,0.002319
1514764806,3,0.623169,-1.328491,-0.001221
1514764806,3,0.598633,-1.332886,-0.014282
1514764806,3,0.585571,-1.334106,-0.029175
1514764806,3,0.578613,-1.329956,-0.041138
1514764806,3,0.574463,-1.322876,-0.052368
1514764806,3,0.556641,-1.298340,-0.082031
1514764806,3,0.551880,-1.297729,-0.100830
1514764806,3,0.553345,-1.305664,-0.119629
1514764806,3,0.556396,-1.313843,-0.133545
1514764806,3,0.573975,-1.338867,-0.170898
1514764806,3,0.580566,-1.347168,-0.185425
1514764806,3,0.586548,-1.360474,-0.193848
1514764806,3,0.597290,-1.371216,-0.200928
1514764806,3,0.608398,-1.393921,-0.198120
1514764806,3,0.624146,-1.396362,-0.181152
1514764806,3,0.644531,-1.390015,-0.175537
1514764806,3,0.657471,-1.384521,-0.177856
1514764806,3,0.662476,-1.366577,-0.202759
1514764806,3,0.648193,-1.362671,-0.212769
1514764806,3,0.626831,-1.359131,-0.227173
1514764806,3,0.602051,-1.351318,-0.242310
1514764806,3,0.566772,-1.339844,-0.279785
1514764806,3,0.556274,-1.330200,-0.296509
1514764806,3,0.549316,-1.315430,-0.308716
1514764806,3,0.544312,-1.297974,-0.315796
1514764806,3,0.542847,-1.248901,-0.328369
1514764806,3,0.537354,-1.229736,-0.336792
1514764806,3,0.532104,-1.213867,-0.342773
1514764806,3,0.523682,-1.200317,-0.343506
1514764806,3,0.513306,-1.164551,-0.339600
1514764806,3,0.512695,-1.140747,-0.338013
1514764806,3,0.512573,-1.118652,-0.330811
1514764806,3,0.512329,-1.096069,-0.320312
1514764806,3,0.506226,-1.052124,-0.307495
1514764806,3,0.499512,-1.024414,-0.310547
1514764806,3,0.491699,-0.994507,-0.308350
1514764806,3,0.478638,-0.962769,-0.307007
1514764806,3,0.450073,-0.900513,-0.309326
1514764806,3,0.442261,-0.871338,-0.314453
1514764806,3,0.434570,-0.855469,-0.323853
1514764806,3,0.429077,-0.840088,-0.322510
1514764806,3,0.423218,-0.821533,-0.308350
1514764806,3,0.421631,-0.818604,-0.305298
1514764806,3,0.420288,-0.814697,-0.300537
1514764806,3,0.416016,-0.809448,-0.293701
1514764806,3,0.394775,-0.783691,-0.278320
1514764806,3,0.376221,-0.765747,-0.273071
1514764806,3,0.355347,-0.746948,-0.265991
1514764807,3,0.336426,-0.727417,-0.260498
1514764807,3,0.306030,-0.695557,-0.254639
1514764807,3,0.294189,-0.687012,-0.259277
1514764807,3,0.290649,-0.686401,-0.265869
1514764807,3,0.291138,-0.682129,-0.267578
1514764807,3,0.299194,-0.668213,-0.264526
1514764807,3,0.302856,-0.656128,-0.260010
1514764807,3,0.305176,-0.643555,-0.249023
1514764807,3,0.304565,-0.633911,-0.236938
1514764807,3,0.295044,-0.610840,-0.214233
1514764807,3,0.294312,-0.594238,-0.199951
1514764807,3,0.289795,-0.571899,-0.192139
1514764807,3,0.291626,-0.548828,-0.182251
1514764807,3,0.283081,-0.506592,-0.166992
1514764807,3,0.280151,-0.489136,-0.174194
1514764807,3,0.282227,-0.470459,-0.193237
1514764807,3,0.289062,-0.455078,-0.189819
1514764807,3,0.311279,-0.445312,-0.165161
1514764807,3,0.321411,-0.441528,-0.164673
1514764807,3,0.329712,-0.429077,-0.161499
1514764807,3,0.341187,-0.378662,-0.139893
1514764807,3,0.338379,-0.306152,-0.109253
1514764807,3,0.330322,-0.272339,-0.096313
1514764807,3,0.316895,-0.239136,-0.080444
1514764807,3,0.305664,-0.206665,-0.069580
1514764807,3,0.297852,-0.133179,-0.054199
1514764807,3,0.289429,-0.101562,-0.048096
1514764807,3,0.281738,-0.073975,-0.051270
1514764807,3,0.272705,-0.046387,-0.045044
1514764807,3,0.245483,-0.022583,-0.023926
1514764807,3,0.229004,-0.020386,-0.025391
1514764807,3,0.217163,-0.026611,-0.025513
1514764807,3,0.210205,-0.032593,-0.027466
1514764807,3,0.228149,-0.029053,-0.035645
1514764807,3,0.244263,-0.023804,-0.026855
1514764807,3,0.248413,-0.010254,-0.009644
1514764807,3,0.248779,0.003662,-0.001221
1514764807,3,0.214844,0.045776,0.022461
1514764807,3,0.186279,0.081543,0.034302
1514764807,3,0.156616,0.123901,0.047607
1514764807,3,0.124878,0.176514,0.063110
1514764807,3,0.055420,0.273071,0.081909
1514764807,3,0.016602,0.306885,0.080322
1514764807,3,-0.032227,0.331299,0.081665
1514764807,3,-0.077759,0.354614,0.089478
1514764807,3,-0.151367,0.367310,0.101074
1514764807,3,-0.183350,0.354492,0.112305
1514764807,3,-0.209839,0.335571,0.130371
1514764807,3,-0.235107,0.303467,0.151367
1514764807,3,-0.280640,0.248047,0.189697
1514764807,3,-0.298462,0.219604,0.203369
1514764807,3,-0.315308,0.203369,0.227295
1514764807,3,-0.339844,0.183594,0.260376
1514764807,3,-0.408203,0.125854,0.308105
1514764807,3,-0.474365,0.090820,0.310059
1514764807,3,-0.547119,0.041138,0.315674
1514764807,3,-0.639526,-0.018066,0.328979
1514764807,3,-0.876099,-0.151978,0.389526
1514764807,3,-1.009033,-0.214600,0.424561
1514764807,3,-1.149902,-0.254272,0.455688
1514764807,3,-1.283081,-0.284668,0.473633
1514764807,3,-1.528198,-0.314575,0.509644
1514764807,3,-1.607788,-0.340088,0.513794
1514764807,3,-1.661133,-0.370361,0.511963
1514764807,3,-1.674927,-0.409424,0.494873
1514764807,3,-1.576050,-0.616211,0.440308
1514764807,3,-1.496338,-0.784912,0.426880
1514764807,3,-1.429932,-0.947632,0.440308
1514764807,3,-1.368042,-1.119263,0.478394
1514764807,3,-1.355835,-1.412476,0.572388
1514764807,3,-1.398438,-1.526001,0.615601
1514764807,3,-1.469971,-1.629150,0.647827
1514764807,3,-1.553345,-1.719116,0.658325
1514764807,3,-1.641724,-1.783813,0.580811
1514764807,3,-1.612305,-1.721680,0.464111
1514764807,3,-1.541992,-1.595459,0.285278
1514764807,3,-1.455078,-1.463257,0.077271
1514764807,3,-1.174683,-1.405518,-0.266479
1514764807,3,-0.978882,-1.555542,-0.410034
1514764807,3,-0.760376,-1.799561,-0.530762
1514764807,3,-0.522583,-2.039429,-0.571045
1514764807,3,-0.041992,-2.365601,-0.397339
1514764807,3,0.205322,-2.489990,-0.271240
1514764807,3,0.411011,-2.618286,-0.145508
1514764807,3,0.615479,-2.708374,-0.014648
1514764807,3,0.865234,-2.681396,0.358765
1514764807,3,0.917847,-2.532471,0.657104
1514764807,3,0.822388,-2.368042,0.898438
1514764807,3,0.483643,-2.229614,1.050781
1514764807,3,-0.890991,-2.232544,1.265869
1514764807,3,-1.717407,-2.336548,1.377075
1514764807,3,-2.577637,-2.439819,1.515381
1514764807,3,-3.310181,-2.360352,1.624146
1514764807,3,-2.898682,-1.762085,1.530762
1514764807,3,-1.635864,-1.568726,1.381592
1514764807,3,-0.270752,-1.646240,1.368286
1514764807,3,0.825928,-1.825806,1.425903
1514764807,3,1.707764,-2.265015,1.654297
1514764807,3,1.784912,-2.310303,1.653442
1514764807,3,1.863281,-2.149292,1.474121
1514764807,3,2.124878,-1.744873,1.153931
1514764807,3,3.196045,-1.045410,0.600342
1514764807,3,2.716553,-0.705322,0.199097
1514764807,3,2.001587,-0.308838,0.259155
1514764807,3,1.125122,-0.103882,0.417969
1514764807,3,-0.125244,0.222656,0.714478
1514764807,3,-0.456299,0.446045,0.829956
1514764807,3,-0.602051,0.594604,0.908691
1514764807,3,-0.536987,0.600464,1.001587
1514764807,3,-0.156372,0.333008,1.157959
1514764807,3,-0.187134,0.121826,1.152344
1514764807,3,-0.378784,-0.082153,1.275757
1514764807,3,-0.600830,-0.312500,1.480713
1514764807,3,-0.974243,-0.620483,1.575439
1514764807,3,-1.005249,-0.995605,1.271118
1514764807,3,-0.872681,-1.302002,1.129028
1514764807,3,-0.629028,-1.633911,0.999146
1514764807,3,-0.009888,-2.085327,0.752930
1514764807,3,0.295776,-2.088745,0.646362
1514764807,3,0.511719,-2.031738,0.514771
1514764807,3,0.619141,-1.906494,0.307861
1514764807,3,0.615967,-1.216553,0.172119
1514764807,3,0.843994,-0.847534,0.263672
1514764807,3,0.849121,-0.729248,0.243530
1514764807,3,0.674561,-0.561768,0.118042
1514764807,3,0.599731,-0.557129,-0.066162
1514764807,3,0.506958,-0.811646,-0.101685
1514764807,3,0.448486,-1.026978,-0.138672
1514764807,3,0.469116,-1.167969,-0.136841
1514764807,3,0.404785,-1.343384,-0.087036
1514764807,3,0.342651,-1.391846,-0.071655
1514764807,3,0.319946,-1.419189,-0.058228
1514764807,3,0.310913,-1.395996,-0.044800
1514764807,3,0.148438,-1.283447,-0.101074
1514764807,3,0.004761,-1.245728,-0.121338
1514764807,3,-0.088257,-1.238159,-0.121460
1514764807,3,-0.134155,-1.301270,-0.086060
1514764807,3,-0.302490,-1.124878,-0.101562
1514764807,3,-0.375610,-0.854126,-0.163086
1514764807,3,-0.441528,-0.643677,-0.152466
1514764807,3,-0.472290,-0.429443,-0.131958
1514764807,3,-0.610474,-0.240356,-0.222412
1514764807,3,-0.683350,-0.329224,-0.321411
1514764807,3,-0.687988,-0.510010,-0.400269
1514764807,3,-0.637329,-0.727051,-0.442627
1514764807,3,-0.440186,-1.085693,-0.463623
1514764807,3,-0.344849,-1.195435,-0.505371
1514764807,3,-0.266602,-1.281982,-0.545532
1514764807,3,-0.180542,-1.296265,-0.556030
1514764807,3,0.071411,-1.184692,-0.486206
1514764807,3,0.140625,-1.055664,-0.378418
1514764807,3,0.149292,-0.905762,-0.269653
1514764807,3,0.129517,-0.799194,-0.160400
1514764807,3,0.021729,-0.686890,-0.115479
1514764807,3,-0.110718,-0.690308,-0.212891
1514764807,3,-0.247314,-0.707031,-0.233154
1514764807,3,-0.330444,-0.682617,-0.173584
1514764807,3,-0.411865,-0.494385,-0.011475
1514764807,3,-0.396484,-0.400513,0.010986
1514764807,3,-0.364380,-0.340698,0.019897
1514764807,3,-0.346313,-0.291870,0.037964
1514764807,3,-0.356445,-0.288208,0.122070
1514764807,3,-0.346802,-0.274658,0.193604
1514764807,3,-0.291992,-0.260376,0.258423
1514764807,3,-0.281128,-0.259644,0.313843
1514764807,3,-0.297974,-0.253662,0.351318
1514764807,3,-0.311035,-0.283691,0.353638
1514764807,3,-0.314575,-0.328735,0.381348
1514764807,3,-0.320679,-0.356567,0.413086
1514764807,3,-0.286743,-0.531860,0.488892
1514764807,3,-0.113647,-0.653931,0.568115
1514764807,3,-0.142090,-0.776001,0.439209
1514764807,3,-0.178101,-0.952881,0.382568
1514764807,3,-0.031372,-1.327637,0.456055
1514764807,3,-0.311523,-1.694946,0.721191
1514764807,3,-0.448242,-1.679443,0.593140
1514764807,3,-0.322388,-1.924316,0.657471
1514764807,3,-0.130371,-2.034546,0.788940
1514764807,3,0.150757,-2.021851,0.821899
1514764807,3,0.259399,-1.881836,0.858032
1514764807,3,0.312012,-1.894287,0.778442
1514764807,3,-0.186646,-1.893066,0.929077
1514764807,3,-0.242798,-1.814087,0.962769
1514764807,3,-0.241211,-1.793091,0.945557
1514764807,3,-0.212646,-1.678223,0.862427
1514764807,3,-0.288208,-1.324219,0.802612
1514764807,3,-0.276123,-1.167358,0.794067
1514764807,3,0.105225,-1.103149,0.742065
1514764807,3,-0.109741,-0.857910,0.839966
1514764807,3,-0.268433,-0.952271,0.486084
1514764807,3,0.671631,-0.762939,0.650879
1514764807,3,0.555908,-0.984741,0.411011
1514764807,3,0.244629,-0.809082,0.306641
1514764807,3,-0.096924,-0.854492,0.559326
1514764807,3,-0.492676,-0.878296,0.684570
1514764807,3,-0.648438,-0.843994,0.673584
1514764807,3,-0.745361,-0.886597,0.629517
1514764807,3,-0.796265,-0.724976,0.620239
1514764807,3,-0.533325,-0.631470,0.706665
1514764808,3,-0.264648,-0.689941,0.757324
1514764808,3,-0.087524,-0.747070,0.710693
1514764808,3,0.048096,-0.762451,0.727173
1514764808,3,0.064697,-0.700562,0.714600
1514764808,3,0.095825,-0.615356,0.654297
1514764808,3,0.087524,-0.535156,0.593994
1514764808,3,0.064331,-0.317749,0.530762
1514764808,3,0.102661,-0.237671,0.528076
1514764808,3,0.158203,-0.205688,0.544067
1514764808,3,0.257568,-0.188599,0.529541
1514764808,3,0.503052,-0.299194,0.487915
1514764808,3,0.527222,-0.364014,0.477295
1514764808,3,0.513428,-0.411865,0.464233
1514764808,3,0.484863,-0.467041,0.460083
1514764808,3,0.435425,-0.605713,0.389160
1514764808,3,0.413086,-0.685791,0.338501
1514764808,3,0.430420,-0.784790,0.362305
1514764808,3,0.420776,-0.869019,0.409668
1514764808,3,0.442749,-0.978271,0.472900
1514764808,3,0.464600,-0.923096,0.485229
1514764808,3,0.499268,-0.841553,0.506226
1514764808,3,0.521973,-0.747314,0.513062
1514764808,3,0.535156,-0.587402,0.537354
1514764808,3,0.554077,-0.516357,0.523804
1514764808,3,0.578125,-0.490479,0.509277
1514764808,3,0.567627,-0.459961,0.554932
1514764808,3,0.470825,-0.451416,0.699341
1514764808,3,0.456299,-0.517578,0.794922
1514764808,3,0.373779,-0.446167,0.803589
1514764808,3,0.365112,-0.470703,0.889282
1514764808,3,0.270264,-0.507935,0.949951
1514764808,3,0.245728,-0.513306,0.963379
1514764808,3,0.220825,-0.522461,0.990845
1514764808,3,0.177124,-0.528442,1.001953
1514764808,3,0.141846,-0.482910,1.036133
1514764808,3,0.125977,-0.456055,1.050171
1514764808,3,0.098022,-0.430298,1.062134
1514764808,3,0.074463,-0.409790,1.071045
1514764808,3,0.071411,-0.369873,1.090576
1514764808,3,0.082642,-0.344360,1.082275
1514764808,3,0.072266,-0.344238,1.056519
1514764808,3,0.086792,-0.357788,1.027344
1514764808,3,0.090576,-0.471558,0.960205
1514764808,3,0.036255,-0.559448,0.899902
1514764808,3,-0.006470,-0.665161,0.841309
1514764808,3,-0.014526,-0.762329,0.788208
1514764808,3,0.128174,-0.630127,0.804199
1514764808,3,0.186035,-0.425293,1.019775
1514764808,3,0.043579,-0.470703,0.998657
1514764808,3,-0.144531,-0.594849,0.920898
1514764808,3,-0.176514,-0.719971,0.740967
1514764808,3,-0.108765,-0.757568,0.661621
1514764808,3,-0.089966,-0.788696,0.676147
1514764808,3,-0.037598,-0.818604,0.758179
1514764808,3,0.099854,-0.829834,0.854004
1514764808,3,0.054199,-0.830566,0.836548
1514764808,3,0.005737,-0.864624,0.843262
1514764808,3,0.018311,-0.928223,0.835571
1514764808,3,0.155762,-0.934570,0.706421
1514764808,3,0.155640,-0.845093,0.620850
1514764808,3,0.202515,-0.735962,0.573730
1514764808,3,0.283203,-0.631470,0.560181
1514764808,3,0.335938,-0.529053,0.557739
1514764808,3,0.276489,-0.489502,0.584595
1514764808,3,0.193604,-0.458496,0.571045
1514764808,3,0.097168,-0.482788,0.543457
1514764808,3,0.002686,-0.529663,0.457886
1514764808,3,-0.005371,-0.552368,0.426514
1514764808,3,-0.010620,-0.600342,0.404907
1514764808,3,-0.009521,-0.695435,0.369385
1514764808,3,0.062012,-0.852661,0.330444
1514764808,3,0.096802,-0.895142,0.357300
1514764808,3,0.105835,-0.919312,0.393799
1514764808,3,0.105835,-0.930786,0.434937
1514764808,3,0.122070,-0.929077,0.518311
1514764808,3,0.124756,-0.917236,0.557861
1514764808,3,0.105835,-0.890015,0.600586
1514764808,3,0.078491,-0.849731,0.657227
1514764808,3,0.037109,-0.775635,0.807861
1514764808,3,0.012817,-0.720581,0.841553
1514764808,3,-0.011475,-0.660156,0.864990
1514764808,3,-0.020630,-0.602661,0.889160
1514764808,3,-0.003418,-0.571655,0.920532
1514764808,3,0.019165,-0.595093,0.922241
1514764808,3,0.045654,-0.621582,0.916992
1514764808,3,0.084473,-0.650269,0.913696
1514764808,3,0.166138,-0.696777,0.887451
1514764808,3,0.201050,-0.722778,0.873047
1514764808,3,0.238525,-0.759277,0.867310
1514764808,3,0.280151,-0.814209,0.864502
1514764808,3,0.368408,-0.890381,0.821533
1514764808,3,0.411133,-0.890015,0.778809
1514764808,3,0.449219,-0.874146,0.741211
1514764808,3,0.471924,-0.875366,0.709595
1514764808,3,0.441528,-0.836426,0.660522
1514764808,3,0.405640,-0.820801,0.643555
1514764808,3,0.356812,-0.810669,0.627563
1514764808,3,0.317139,-0.818481,0.602539
1514764808,3,0.252075,-0.840332,0.549561
1514764808,3,0.218994,-0.865845,0.528931
1514764808,3,0.213867,-0.865356,0.510620
1514764808,3,0.216553,-0.871582,0.485229
1514764808,3,0.203247,-0.867798,0.448975
1514764808,3,0.177368,-0.844360,0.437622
1514764808,3,0.149658,-0.811157,0.430176
1514764808,3,0.043579,-0.750366,0.436035
1514764808,3,-0.054077,-0.707153,0.462036
1514764808,3,-0.083252,-0.681885,0.466309
1514764808,3,-0.101929,-0.653687,0.462280
1514764808,3,-0.121094,-0.627930,0.461914
1514764808,3,-0.129883,-0.606323,0.466431
1514764808,3,-0.119263,-0.585083,0.458740
1514764808,3,-0.116333,-0.582031,0.440796
1514764808,3,-0.118774,-0.581909,0.423584
1514764808,3,-0.120605,-0.594849,0.411743
1514764808,3,-0.108154,-0.656738,0.389771
1514764808,3,-0.093994,-0.706665,0.372070
1514764808,3,-0.069214,-0.744507,0.353149
1514764808,3,-0.031860,-0.784424,0.331787
1514764808,3,0.049927,-0.915649,0.286255
1514764808,3,0.079468,-0.998657,0.257935
1514764808,3,0.109497,-1.070679,0.235962
1514764808,3,0.137329,-1.131714,0.221069
1514764808,3,0.167236,-1.220093,0.192627
1514764808,3,0.162720,-1.243164,0.198120
1514764808,3,0.147095,-1.252319,0.214233
1514764808,3,0.121460,-1.238037,0.239380
1514764808,3,0.067627,-1.172241,0.281616
1514764808,3,0.031250,-1.128662,0.300049
1514764808,3,-0.002197,-1.084961,0.314209
1514764808,3,-0.030640,-1.041870,0.320190
1514764808,3,-0.075928,-0.968872,0.320679
1514764808,3,-0.081543,-0.939575,0.324219
1514764808,3,-0.089478,-0.940918,0.324341
1514764808,3,-0.097900,-0.949219,0.325928
1514764808,3,-0.061646,-0.969971,0.325073
1514764808,3,-0.030029,-0.978516,0.323730
1514764808,3,-0.001709,-0.977295,0.323486
1514764808,3,0.021606,-0.974976,0.320557
1514764808,3,0.051758,-0.934204,0.322876
1514764808,3,0.051270,-0.918579,0.321655
1514764808,3,0.043823,-0.893555,0.317749
1514764808,3,0.036987,-0.870117,0.312012
1514764808,3,-0.001465,-0.854248,0.305786
1514764808,3,-0.022217,-0.851440,0.310913
1514764808,3,-0.042725,-0.839111,0.310547
1514764808,3,-0.042969,-0.824829,0.303101
1514764808,3,-0.025024,-0.806030,0.282471
1514764808,3,-0.023193,-0.799805,0.283447
1514764808,3,-0.022827,-0.799194,0.292114
1514764808,3,-0.024780,-0.800293,0.303711
1514764808,3,-0.039307,-0.797607,0.296265
1514764808,3,-0.049072,-0.794434,0.283813
1514764808,3,-0.053101,-0.795532,0.279907
1514764808,3,-0.062012,-0.803223,0.278198
1514764808,3,-0.062256,-0.816772,0.282227
1514764808,3,-0.058228,-0.834595,0.282837
1514764808,3,-0.057617,-0.862671,0.282593
1514764808,3,-0.052124,-0.886597,0.275146
1514764808,3,-0.037964,-0.934326,0.279053
1514764808,3,-0.020264,-0.954346,0.285645
1514764808,3,-0.000244,-0.962402,0.292725
1514764808,3,0.022949,-0.968506,0.295898
1514764808,3,0.051147,-0.981934,0.303589
1514764808,3,0.046265,-0.978271,0.305786
1514764808,3,0.034180,-0.966919,0.294922
1514764808,3,0.023071,-0.953857,0.283081
1514764808,3,0.010742,-0.937744,0.263794
1514764808,3,0.010254,-0.936646,0.248657
1514764808,3,0.016968,-0.941772,0.234497
1514764808,3,0.023682,-0.946899,0.222290
1514764808,3,0.039673,-0.952026,0.214722
1514764808,3,0.045410,-0.953491,0.214478
1514764808,3,0.048828,-0.952881,0.217896
1514764808,3,0.053223,-0.955688,0.227783
1514764808,3,0.067139,-0.973145,0.246460
1514764808,3,0.075317,-0.978882,0.248779
1514764808,3,0.084229,-0.990479,0.248169
1514764808,3,0.093506,-1.000000,0.243042
1514764808,3,0.107178,-1.034546,0.246704
1514764808,3,0.118042,-1.045044,0.248291
1514764808,3,0.121582,-1.040894,0.253662
1514764808,3,0.127808,-1.041870,0.255127
1514764808,3,0.130615,-1.035767,0.255859
1514764808,3,0.133789,-1.037109,0.257690
1514764808,3,0.134033,-1.038818,0.261597
1514764808,3,0.130737,-1.040039,0.268188
1514764808,3,0.115356,-1.027466,0.287476
1514764808,3,0.110474,-1.010742,0.292358
1514764808,3,0.107422,-0.994507,0.292358
1514764808,3,0.106689,-0.982544,0.292480
1514764808,3,0.135864,-1.011719,0.285278
1514764808,3,0.150879,-1.025024,0.281616
1514764808,3,0.157471,-1.040894,0.296631
1514764808,3,0.171875,-1.060547,0.315308
1514764808,3,0.164673,-1.097412,0.327026
1514764808,3,0.152954,-1.107788,0.333740
1514764808,3,0.142944,-1.112061,0.335693
1514764808,3,0.128784,-1.098267,0.341187
1514764809,3,0.105469,-1.044556,0.346802
1514764809,3,0.100464,-1.019653,0.342285
1514764809,3,0.095337,-1.003174,0.335205
1514764809,3,0.095459,-0.996948,0.329224
1514764809,3,0.083984,-1.004517,0.300415
1514764809,3,0.082153,-1.012085,0.277710
1514764809,3,0.081543,-1.026245,0.257568
1514764809,3,0.078369,-1.029419,0.242310
1514764809,3,0.070312,-1.017944,0.208252
1514764809,3,0.063843,-1.007812,0.194214
1514764809,3,0.064453,-1.002197,0.185669
1514764809,3,0.065430,-1.008179,0.180298
1514764809,3,0.073242,-1.028442,0.171875
1514764809,3,0.081543,-1.034424,0.171509
1514764809,3,0.086060,-1.034668,0.172974
1514764809,3,0.092896,-1.032593,0.178101
1514764809,3,0.098511,-1.054199,0.197998
1514764809,3,0.102783,-1.075806,0.201782
1514764809,3,0.109497,-1.095337,0.206787
1514764809,3,0.110840,-1.108032,0.212036
1514764809,3,0.120605,-1.117676,0.217163
1514764809,3,0.120239,-1.114502,0.220093
1514764809,3,0.114990,-1.104858,0.221191
1514764809,3,0.108887,-1.094727,0.223633
1514764809,3,0.096802,-1.065430,0.230103
1514764809,3,0.094482,-1.052246,0.228516
1514764809,3,0.097290,-1.042114,0.227173
1514764809,3,0.106323,-1.036133,0.228027
1514764809,3,0.130737,-1.034546,0.223633
1514764809,3,0.142822,-1.031738,0.217285
1514764809,3,0.152588,-1.029541,0.218018
1514764809,3,0.162598,-1.030273,0.224976
1514764809,3,0.181396,-1.037720,0.241699
1514764809,3,0.188599,-1.035278,0.253052
1514764809,3,0.199341,-1.035156,0.261719
1514764809,3,0.207642,-1.040527,0.270630
1514764809,3,0.218140,-1.051636,0.281128
1514764809,3,0.223755,-1.056519,0.284302
1514764809,3,0.220825,-1.053833,0.288818
1514764809,3,0.215942,-1.053467,0.292236
1514764809,3,0.197632,-1.039551,0.289429
1514764809,3,0.184692,-1.030396,0.290527
1514764809,3,0.177002,-1.020020,0.287109
1514764809,3,0.169678,-1.013916,0.278931
1514764809,3,0.165161,-1.004028,0.263794
1514764809,3,0.166260,-1.003540,0.254639
1514764809,3,0.169800,-1.014038,0.251343
1514764809,3,0.174561,-1.024780,0.252075
1514764809,3,0.195679,-1.038696,0.253174
1514764809,3,0.205688,-1.046509,0.252197
1514764809,3,0.217529,-1.057861,0.246216
1514764809,3,0.223755,-1.064819,0.239746
1514764809,3,0.225464,-1.083374,0.242554
1514764809,3,0.223145,-1.079834,0.251343
1514764809,3,0.231201,-1.074829,0.244385
1514764809,3,0.229736,-1.079956,0.258911
1514764809,3,0.214966,-1.037476,0.244629
1514764809,3,0.204590,-1.015381,0.253662
1514764809,3,0.192261,-0.994995,0.250000
1514764809,3,0.174316,-0.984863,0.260132
1514764809,3,0.179932,-0.944946,0.251587
1514764809,3,0.164307,-0.930542,0.233765
1514764809,3,0.166748,-0.923462,0.238770
1514764809,3,0.160156,-0.912842,0.241943
1514764809,3,0.156860,-0.920776,0.234741
1514764809,3,0.150024,-0.923828,0.222168
1514764809,3,0.144653,-0.927490,0.211792
1514764809,3,0.137695,-0.930786,0.204224
1514764809,3,0.122925,-0.945068,0.191895
1514764809,3,0.119873,-0.944702,0.188721
1514764809,3,0.114624,-0.941284,0.188110
1514764809,3,0.110840,-0.939697,0.176392
1514764809,3,0.104614,-0.937622,0.150635
1514764809,3,0.104736,-0.934814,0.143066
1514764809,3,0.098022,-0.932129,0.138794
1514764809,3,0.095337,-0.928589,0.140015
1514764809,3,0.090576,-0.914185,0.148193
1514764809,3,0.082764,-0.905884,0.143921
1514764809,3,0.072876,-0.904541,0.136475
1514764809,3,0.065918,-0.902588,0.130005
1514764809,3,0.060303,-0.913086,0.141113
1514764809,3,0.059692,-0.917236,0.151489
1514764809,3,0.059448,-0.922485,0.159912
1514764809,3,0.059937,-0.926025,0.169312
1514764809,3,0.072021,-0.928955,0.187500
1514764809,3,0.073608,-0.923828,0.187134
1514764809,3,0.076172,-0.917603,0.184326
1514764809,3,0.080444,-0.908325,0.176636
1514764809,3,0.089844,-0.895630,0.159058
1514764809,3,0.099609,-0.883911,0.141968
1514764809,3,0.096558,-0.877808,0.135742
1514764809,3,0.090698,-0.871582,0.130859
1514764809,3,0.082031,-0.856201,0.129761
1514764809,3,0.085815,-0.848511,0.132202
1514764809,3,0.093628,-0.840820,0.136597
1514764809,3,0.102539,-0.834839,0.142456
1514764809,3,0.129150,-0.839111,0.153564
1514764809,3,0.135864,-0.840210,0.157715
1514764809,3,0.146729,-0.841675,0.161865
1514764809,3,0.163818,-0.843140,0.164795
1514764809,3,0.214966,-0.852417,0.163208
1514764809,3,0.237671,-0.853882,0.163452
1514764809,3,0.251221,-0.851318,0.158691
1514764809,3,0.257080,-0.848877,0.155151
1514764809,3,0.269775,-0.833374,0.126587
1514764809,3,0.294189,-0.831055,0.120850
1514764809,3,0.284302,-0.836304,0.125610
1514764809,3,0.275391,-0.831055,0.120483
1514764809,3,0.303711,-0.822876,0.117065
1514764809,3,0.308960,-0.819214,0.109131
1514764809,3,0.320923,-0.818726,0.108276
1514764809,3,0.336548,-0.833740,0.115601
1514764809,3,0.353516,-0.867310,0.117188
1514764809,3,0.356323,-0.871826,0.125000
1514764809,3,0.365967,-0.874268,0.132812
1514764809,3,0.375488,-0.878906,0.142578
1514764809,3,0.379028,-0.892090,0.150635
1514764809,3,0.379517,-0.890747,0.158325
1514764809,3,0.381714,-0.889526,0.163452
1514764809,3,0.381226,-0.882202,0.166626
1514764809,3,0.374512,-0.863647,0.169312
1514764809,3,0.377930,-0.855591,0.168213
1514764809,3,0.379883,-0.857300,0.162476
1514764809,3,0.385864,-0.862305,0.155884
1514764809,3,0.408813,-0.862061,0.145874
1514764809,3,0.419800,-0.860229,0.144165
1514764809,3,0.425781,-0.858887,0.140381
1514764809,3,0.426880,-0.852539,0.136475
1514764809,3,0.425049,-0.853516,0.127075
1514764809,3,0.427490,-0.860718,0.123535
1514764809,3,0.429199,-0.864990,0.118164
1514764809,3,0.432129,-0.865356,0.115845
1514764809,3,0.448242,-0.863281,0.111694
1514764809,3,0.456787,-0.863037,0.111206
1514764809,3,0.468628,-0.858887,0.113281
1514764809,3,0.471069,-0.856934,0.117065
1514764809,3,0.479248,-0.843750,0.124268
1514764809,3,0.477661,-0.840820,0.125854
1514764809,3,0.476562,-0.842651,0.122803
1514764809,3,0.473999,-0.847534,0.124268
1514764809,3,0.469360,-0.849365,0.125122
1514764809,3,0.469727,-0.845459,0.126709
1514764809,3,0.470825,-0.845703,0.125488
1514764809,3,0.475708,-0.842529,0.120117
1514764809,3,0.482422,-0.840820,0.104248
1514764809,3,0.485840,-0.841675,0.098633
1514764809,3,0.485107,-0.840454,0.088989
1514764809,3,0.490845,-0.840332,0.081421
1514764809,3,0.491089,-0.841187,0.062378
1514764809,3,0.495728,-0.846069,0.061401
1514764809,3,0.505615,-0.850830,0.065186
1514764809,3,0.517822,-0.856934,0.079712
1514764809,3,0.542969,-0.871216,0.119385
1514764809,3,0.557617,-0.878418,0.135986
1514764809,3,0.567505,-0.883179,0.157471
1514764809,3,0.585571,-0.884033,0.179565
1514764809,3,0.604980,-0.870972,0.209473
1514764809,3,0.608521,-0.864380,0.215454
1514764809,3,0.609497,-0.854004,0.211426
1514764809,3,0.612671,-0.848511,0.208374
1514764809,3,0.622192,-0.844727,0.198853
1514764809,3,0.627441,-0.839722,0.197754
1514764809,3,0.627319,-0.833740,0.193970
1514764809,3,0.627808,-0.826416,0.190186
1514764809,3,0.616943,-0.802856,0.187012
1514764809,3,0.609985,-0.794922,0.184937
1514764809,3,0.604370,-0.783325,0.186401
1514764809,3,0.603394,-0.776245,0.183838
1514764809,3,0.606079,-0.767944,0.187622
1514764809,3,0.611938,-0.759644,0.191528
1514764809,3,0.617676,-0.749390,0.194092
1514764809,3,0.624878,-0.738159,0.192383
1514764809,3,0.622925,-0.715454,0.161987
1514764809,3,0.620605,-0.706421,0.153687
1514764809,3,0.614624,-0.700073,0.144653
1514764809,3,0.618530,-0.697510,0.139771
1514764809,3,0.632568,-0.705322,0.142944
1514764809,3,0.643066,-0.714111,0.146973
1514764809,3,0.660767,-0.722900,0.154419
1514764809,3,0.678101,-0.727661,0.162964
1514764809,3,0.710938,-0.720947,0.178589
1514764809,3,0.724731,-0.708984,0.180298
1514764809,3,0.728638,-0.695312,0.179321
1514764809,3,0.726318,-0.676147,0.178711
1514764809,3,0.743164,-0.648315,0.165894
1514764809,3,0.731567,-0.634155,0.153442
1514764809,3,0.721680,-0.614014,0.133789
1514764809,3,0.707031,-0.594849,0.132080
1514764809,3,0.689819,-0.580688,0.150391
1514764809,3,0.686768,-0.584351,0.165161
1514764809,3,0.689331,-0.590088,0.182861
1514764809,3,0.725098,-0.609619,0.211304
1514764809,3,0.742798,-0.626343,0.216797
1514764809,3,0.741699,-0.635376,0.211182
1514764809,3,0.736572,-0.640625,0.198975
1514764809,3,0.731323,-0.650269,0.179077
1514764809,3,0.723755,-0.649536,0.147949
1514764809,3,0.720581,-0.636719,0.134155
1514764809,3,0.717407,-0.617188,0.124023
1514764809,3,0.713501,-0.599121,0.118042
1514764810,3,0.712646,-0.586792,0.114136
1514764810,3,0.712036,-0.593384,0.115479
1514764810,3,0.709229,-0.602295,0.112427
1514764810,3,0.706055,-0.614136,0.111816
1514764810,3,0.702393,-0.635742,0.120117
1514764810,3,0.708008,-0.646851,0.136597
1514764810,3,0.718750,-0.659180,0.151489
1514764810,3,0.730835,-0.668091,0.162964
1514764810,3,0.762207,-0.688354,0.182007
1514764810,3,0.772095,-0.689087,0.184692
1514764810,3,0.780762,-0.686401,0.191162
1514764810,3,0.792480,-0.679565,0.194702
1514764810,3,0.806519,-0.662720,0.185791
1514764810,3,0.810791,-0.653931,0.172119
1514764810,3,0.811768,-0.645508,0.163086
1514764810,3,0.810425,-0.630859,0.151733
1514764810,3,0.802124,-0.595947,0.125610
1514764810,3,0.790649,-0.577759,0.121216
1514764810,3,0.786499,-0.563721,0.115723
1514764810,3,0.782227,-0.559692,0.109863
1514764810,3,0.774902,-0.565186,0.092407
1514764810,3,0.771118,-0.571899,0.096313
1514764810,3,0.768311,-0.574219,0.101074
1514764810,3,0.772827,-0.565674,0.114014
1514764810,3,0.772461,-0.565918,0.134888
1514764810,3,0.770142,-0.562134,0.146362
1514764810,3,0.762207,-0.552124,0.156250
1514764810,3,0.757324,-0.539917,0.163208
1514764810,3,0.744263,-0.528687,0.166748
1514764810,3,0.739746,-0.524780,0.164307
1514764810,3,0.739502,-0.519897,0.163086
1514764810,3,0.739014,-0.518433,0.160278
1514764810,3,0.747437,-0.518433,0.147461
1514764810,3,0.754517,-0.523071,0.143555
1514764810,3,0.764648,-0.524902,0.135620
1514764810,3,0.772339,-0.520874,0.125610
1514764810,3,0.783813,-0.520020,0.105713
1514764810,3,0.782471,-0.524170,0.102417
1514764810,3,0.785522,-0.522705,0.102173
1514764810,3,0.794067,-0.526855,0.112305
1514764810,3,0.806152,-0.528198,0.117798
1514764810,3,0.819824,-0.525146,0.116089
1514764810,3,0.836426,-0.524658,0.113037
1514764810,3,0.828247,-0.542358,0.115845
1514764810,3,0.834595,-0.557739,0.117798
1514764810,3,0.838745,-0.552002,0.123169
1514764810,3,0.844727,-0.550537,0.124146
1514764810,3,0.842651,-0.542236,0.128052
1514764810,3,0.828613,-0.518066,0.134277
1514764810,3,0.817749,-0.511108,0.132568
1514764810,3,0.807983,-0.504517,0.126953
1514764810,3,0.801025,-0.496826,0.119141
1514764810,3,0.781738,-0.480957,0.108398
1514764810,3,0.772339,-0.466309,0.110962
1514764810,3,0.763062,-0.449463,0.108398
1514764810,3,0.764282,-0.435425,0.098877
1514764810,3,0.760620,-0.439575,0.088867
1514764810,3,0.760986,-0.445801,0.090332
1514764810,3,0.770752,-0.452026,0.086426
1514764810,3,0.782715,-0.460693,0.087036
1514764810,3,0.787231,-0.474731,0.093262
1514764810,3,0.787598,-0.479126,0.093628
1514764810,3,0.788452,-0.479736,0.091675
1514764810,3,0.793945,-0.474976,0.088623
1514764810,3,0.799805,-0.456665,0.082031
1514764810,3,0.803711,-0.448120,0.084229
1514764810,3,0.802979,-0.433472,0.083130
1514764810,3,0.803467,-0.425415,0.080811
1514764810,3,0.804321,-0.412964,0.093628
1514764810,3,0.805786,-0.413818,0.100342
1514764810,3,0.804565,-0.415405,0.102905
1514764810,3,0.804810,-0.419189,0.104980
1514764810,3,0.799072,-0.427002,0.124268
1514764810,3,0.802979,-0.439575,0.137451
1514764810,3,0.806152,-0.449951,0.148926
1514764810,3,0.812134,-0.458618,0.157227
1514764810,3,0.821777,-0.479248,0.159546
1514764810,3,0.822266,-0.484741,0.160522
1514764810,3,0.820435,-0.490112,0.160767
1514764810,3,0.815674,-0.499146,0.153931
1514764810,3,0.815674,-0.494019,0.137939
1514764810,3,0.816040,-0.488281,0.130737
1514764810,3,0.817505,-0.483521,0.123901
1514764810,3,0.812622,-0.475464,0.120728
1514764810,3,0.802979,-0.473511,0.118774
1514764810,3,0.801880,-0.475952,0.125732
1514764810,3,0.804443,-0.474976,0.130615
1514764810,3,0.802734,-0.472290,0.139160
1514764810,3,0.803101,-0.461792,0.156006
1514764810,3,0.804199,-0.463135,0.163452
1514764810,3,0.802368,-0.464966,0.166748
1514764810,3,0.807007,-0.472778,0.171143
1514764810,3,0.817871,-0.495850,0.170898
1514764810,3,0.824463,-0.506104,0.170654
1514764810,3,0.827393,-0.516968,0.168823
1514764810,3,0.832031,-0.525024,0.168945
1514764810,3,0.821289,-0.525146,0.174316
1514764810,3,0.815674,-0.520264,0.174561
1514764810,3,0.810669,-0.516724,0.177979
1514764810,3,0.806763,-0.511597,0.182007
1514764810,3,0.816162,-0.524536,0.197021
1514764810,3,0.822144,-0.528442,0.196289
1514764810,3,0.833252,-0.533569,0.194946
1514764810,3,0.838989,-0.538208,0.190063
1514764810,3,0.851685,-0.540405,0.188721
1514764810,3,0.856812,-0.540161,0.192749
1514764810,3,0.864014,-0.540649,0.201172
1514764810,3,0.872559,-0.538208,0.201294
1514764810,3,0.883057,-0.538330,0.205811
1514764810,3,0.890869,-0.535889,0.212280
1514764810,3,0.895386,-0.536743,0.219360
1514764810,3,0.896362,-0.534912,0.223389
1514764810,3,0.904297,-0.537720,0.237793
1514764810,3,0.908081,-0.543457,0.245361
1514764810,3,0.911011,-0.546143,0.251099
1514764810,3,0.913574,-0.556396,0.252808
1514764810,3,0.914917,-0.569824,0.261108
1514764810,3,0.917358,-0.574097,0.265137
1514764810,3,0.914917,-0.572266,0.270264
1514764810,3,0.916260,-0.568848,0.272217
1514764810,3,0.914429,-0.559448,0.268188
1514764810,3,0.910156,-0.558960,0.264404
1514764810,3,0.905396,-0.558960,0.258301
1514764810,3,0.905396,-0.557251,0.250610
1514764810,3,0.898682,-0.543457,0.237183
1514764810,3,0.898315,-0.533325,0.229858
1514764810,3,0.896240,-0.526489,0.231812
1514764810,3,0.895752,-0.521606,0.230103
1514764810,3,0.892090,-0.508301,0.231323
1514764810,3,0.885010,-0.506592,0.231323
1514764810,3,0.883179,-0.504639,0.230347
1514764810,3,0.875000,-0.498535,0.233154
1514764810,3,0.867065,-0.506104,0.243530
1514764810,3,0.863159,-0.517944,0.246338
1514764810,3,0.858643,-0.529907,0.246704
1514764810,3,0.851807,-0.539673,0.249023
1514764810,3,0.840942,-0.545898,0.238770
1514764810,3,0.818726,-0.554321,0.234619
1514764810,3,0.817871,-0.555176,0.224487
1514764810,3,0.807983,-0.550171,0.217529
1514764810,3,0.809937,-0.536987,0.208252
1514764810,3,0.813354,-0.529785,0.202881
1514764810,3,0.810669,-0.521851,0.198364
1514764810,3,0.805054,-0.516968,0.197144
1514764810,3,0.803345,-0.511475,0.194336
1514764810,3,0.799561,-0.510498,0.194458
1514764810,3,0.796021,-0.503052,0.197754
1514764810,3,0.794678,-0.490723,0.200439
1514764810,3,0.785522,-0.456909,0.207397
1514764810,3,0.784790,-0.443237,0.216553
1514764810,3,0.784302,-0.438599,0.223022
1514764810,3,0.780273,-0.431152,0.223022
1514764810,3,0.773193,-0.433105,0.223145
1514764810,3,0.771484,-0.430298,0.217041
1514764810,3,0.772827,-0.427124,0.213379
1514764810,3,0.773193,-0.422607,0.208740
1514764810,3,0.783691,-0.414795,0.200928
1514764810,3,0.784790,-0.409180,0.195435
1514764810,3,0.786255,-0.399902,0.189941
1514764810,3,0.786499,-0.392944,0.183960
1514764810,3,0.790771,-0.380005,0.173096
1514764810,3,0.793823,-0.377075,0.164551
1514764810,3,0.800293,-0.375854,0.156250
1514764810,3,0.807739,-0.372070,0.148560
1514764810,3,0.822388,-0.368042,0.146240
1514764810,3,0.828125,-0.367310,0.149536
1514764810,3,0.834717,-0.366455,0.153809
1514764810,3,0.838623,-0.364990,0.151367
1514764810,3,0.845093,-0.351807,0.158936
1514764810,3,0.851196,-0.346802,0.175293
1514764810,3,0.860596,-0.349365,0.190186
1514764810,3,0.869873,-0.349365,0.201050
1514764810,3,0.884766,-0.354492,0.209229
1514764810,3,0.890991,-0.356445,0.211548
1514764810,3,0.895752,-0.358032,0.209839
1514764810,3,0.901123,-0.362427,0.202881
1514764810,3,0.906860,-0.360229,0.191650
1514764810,3,0.911865,-0.358032,0.192139
1514764810,3,0.916382,-0.356812,0.191528
1514764810,3,0.921631,-0.353760,0.188477
1514764810,3,0.917114,-0.349121,0.183105
1514764810,3,0.916504,-0.346802,0.180298
1514764810,3,0.918457,-0.352051,0.179565
1514764810,3,0.916626,-0.353638,0.182251
1514764810,3,0.919189,-0.369019,0.188965
1514764810,3,0.921631,-0.379028,0.188354
1514764810,3,0.925415,-0.388794,0.190552
1514764810,3,0.923706,-0.396240,0.187744
1514764810,3,0.923218,-0.396729,0.187012
1514764810,3,0.923096,-0.393311,0.186646
1514764810,3,0.922974,-0.386963,0.188477
1514764810,3,0.926758,-0.370728,0.192627
1514764810,3,0.926147,-0.362305,0.193481
1514764810,3,0.922852,-0.355225,0.190063
1514764810,3,0.917480,-0.353638,0.191406
1514764810,3,0.914307,-0.354126,0.191895
1514764810,3,0.911499,-0.346436,0.189941
1514764810,3,0.922363,-0.352295,0.187256
1514764810,3,0.920898,-0.354492,0.193237
