1514764801,1,-42.066650,1.450195,-101.041260
1514764801,3,-0.022949,-0.282715,0.261353
1514764801,1,-40.781250,1.027222,-100.805054
1514764801,3,-0.063110,-0.258301,0.269897
1514764801,1,-39.611206,0.598755,-100.645752
1514764801,3,-0.012573,-0.159302,0.234497
1514764801,1,-38.545532,0.335083,-100.640259
1514764801,3,0.263184,-0.223145,0.146851
1514764801,1,-36.749268,-0.038452,-100.706177
1514764801,3,0.209351,-0.428711,0.082642
1514764801,1,-35.969238,-0.252686,-100.678711
1514764801,3,0.162354,-0.576172,0.106201
1514764801,1,-35.238647,-0.521851,-100.629272
1514764801,3,0.121826,-0.706787,0.128418
1514764801,1,-34.557495,-0.763550,-100.618286
1514764801,3,0.201050,-0.816040,0.162476
1514764801,1,-33.272095,-1.082153,-100.750122
1514764801,3,0.250610,-0.829224,0.181030
1514764801,1,-32.623901,-1.164551,-100.892944
1514764801,3,0.270142,-0.781860,0.202148
1514764801,1,-31.970215,-1.224976,-101.035767
1514764801,3,0.254272,-0.742676,0.245117
1514764801,1,-31.343994,-1.290894,-101.178589
1514764801,3,0.251587,-0.704224,0.308716
1514764801,1,-30.173950,-1.466675,-101.431274
1514764801,3,0.188843,-0.598633,0.396484
1514764801,1,-29.624634,-1.604004,-101.530151
1514764801,3,0.134766,-0.547974,0.421143
1514764801,1,-29.102783,-1.763306,-101.618042
1514764801,3,0.135864,-0.494873,0.449585
1514764801,1,-28.602905,-1.944580,-101.711426
1514764801,3,0.155151,-0.438721,0.453125
1514764801,1,-27.707520,-2.356567,-101.837769
1514764801,3,0.257324,-0.351685,0.409546
1514764801,1,-27.350464,-2.614746,-101.920166
1514764801,3,0.365723,-0.339600,0.396484
1514764801,1,-27.048340,-2.850952,-102.002563
1514764801,3,0.395142,-0.344238,0.364624
1514764801,1,-26.801147,-3.092651,-102.095947
1514764801,3,0.424316,-0.335083,0.360229
1514764801,1,-26.427612,-3.295898,-102.403564
1514764801,3,0.575684,-0.336670,0.359741
1514764801,1,-26.279297,-3.279419,-102.606812
1514764801,3,0.615356,-0.358643,0.331421
1514764801,1,-26.141968,-3.191528,-102.854004
1514764801,3,0.668457,-0.364746,0.288208
1514764801,1,-25.955200,-2.911377,-103.106689
1514764801,3,0.605225,-0.382080,0.216431
1514764801,1,-25.735474,-2.675171,-103.529663
1514764801,3,0.528442,-0.408691,0.124756
1514764801,1,-25.625610,-2.587280,-103.688965
1514764801,3,0.528931,-0.438232,0.100464
1514764801,1,-25.499268,-2.504883,-103.815308
1514764801,1,-25.339966,-2.422485,-103.930664
1514764801,1,-24.895020,-2.246704,-104.122925
1514764801,1,-24.609375,-2.158813,-104.210815
1514764801,3,0.514038,-0.375977,0.063232
1514764801,1,-24.213867,-1.939087,-104.282227
1514764801,1,-23.801880,-1.735840,-104.326172
1514764801,1,-22.911987,-1.235962,-104.397583
1514764801,1,-22.461548,-0.994263,-104.414062
1514764801,1,-22.005615,-0.736084,-104.436035
1514764801,1,-21.549683,-0.466919,-104.430542
1514764801,3,0.419189,-0.125488,0.136597
1514764801,3,0.384766,-0.168823,0.095947
1514764801,1,-20.110474,0.510864,-104.309692
1514764801,1,-19.572144,0.884399,-104.282227
1514764801,1,-18.989868,1.235962,-104.243774
1514764801,1,-17.698975,1.845703,-104.073486
1514764801,1,-17.001343,2.059937,-103.914185
1514764801,3,0.062866,-0.170654,-0.080811
1514764801,1,-16.281738,2.197266,-103.688965
1514764801,1,-15.540161,2.274170,-103.397827
1514764801,1,-13.980103,2.257690,-102.716675
1514764801,1,-11.458740,1.939087,-101.579590
1514764801,1,-9.486694,1.538086,-100.816040
1514764801,3,-0.053345,0.079956,0.081177
1514764801,1,-8.382568,1.252441,-100.415039
1514764801,1,-7.212524,0.889893,-99.992065
1514764801,1,-5.982056,0.439453,-99.541626
1514764801,1,-3.361816,-0.840454,-98.552856
1514764801,1,-1.977539,-1.675415,-98.020020
1514764801,1,-0.549316,-2.636719,-97.470703
1514764801,3,0.013428,0.401855,0.408569
1514764801,1,2.395020,-4.844971,-96.377563
1514764801,1,3.900146,-6.031494,-95.839233
1514764801,1,5.377808,-7.152100,-95.267944
1514764801,1,6.844482,-8.261719,-94.713135
1514764801,3,0.445923,0.949707,0.325562
1514764801,1,8.267212,-9.420776,-94.169312
1514764801,1,10.881958,-11.815796,-93.092651
1514764801,1,11.898193,-13.040771,-92.526855
1514764801,1,12.799072,-14.298706,-91.955566
1514764801,1,13.606567,-15.589600,-91.378784
1514764801,3,0.617920,1.913208,0.091431
1514764801,1,14.886475,-18.242798,-90.170288
1514764801,1,15.314941,-19.588623,-89.527588
1514764801,1,15.589600,-20.934448,-88.835449
1514764801,1,15.671997,-22.208862,-88.099365
1514764801,1,15.347900,-24.603882,-86.533813
1514764801,1,14.974365,-25.718994,-85.737305
1514764801,3,0.606079,2.648560,0.455933
1514764801,1,14.436035,-26.757202,-84.946289
1514764801,1,13.738403,-27.696533,-84.171753
1514764801,1,11.936646,-29.229126,-82.869873
1514764801,1,10.700684,-29.014893,-82.600708
1514764801,1,9.201050,-27.202148,-82.161255
1514764801,3,2.093140,2.980835,1.570923
1514764801,1,5.597534,-24.032593,-81.298828
1514764801,1,3.762817,-22.346191,-80.908813
1514764801,1,2.164307,-20.928955,-80.782471
1514764801,1,0.769043,-19.945679,-80.782471
1514764801,1,-1.373291,-19.313965,-81.199951
1514764801,1,-2.131348,-19.522705,-81.529541
1514764801,3,0.207886,0.656616,1.166992
1514764801,1,-2.763062,-19.885254,-81.870117
1514764801,1,-3.273926,-20.319214,-82.199707
1514764801,1,-3.982544,-21.236572,-82.831421
1514764801,1,-4.169312,-21.687012,-83.166504
1514764801,1,-4.290161,-22.203369,-83.457642
1514764801,3,0.644897,0.429443,1.750854
1514764801,1,-4.312134,-22.802124,-83.754272
1514764801,1,-4.301147,-24.065552,-84.259644
1514764801,1,-4.262695,-24.757690,-84.440918
1514764801,1,-4.174805,-25.543213,-84.572754
1514764801,1,-4.092407,-26.345215,-84.682617
1514764801,1,-4.026489,-27.399902,-84.918823
1514764801,3,1.043701,0.715088,2.630737
1514764801,1,-4.092407,-27.614136,-84.995728
1514764801,1,-4.213257,-27.603149,-85.039673
1514764801,1,-4.053955,-27.301025,-85.209961
1514764801,1,-3.801270,-26.471558,-85.495605
1514764801,1,-3.663940,-26.180420,-85.649414
1514764801,1,-3.521118,-26.081543,-85.808716
1514764801,3,0.410156,0.439087,1.483765
1514764801,1,-3.350830,-26.163940,-85.995483
1514764801,1,-2.982788,-26.784668,-86.396484
1514764801,1,-2.823486,-27.224121,-86.599731
1514764801,1,-2.708130,-27.702026,-86.791992
1514764801,1,-2.658691,-28.190918,-86.951294
1514764801,1,-2.757568,-29.113770,-87.165527
1514764801,3,0.837769,0.306519,0.850830
1514764801,1,-2.839966,-29.520264,-87.269897
1514764801,1,-2.966309,-29.888306,-87.363281
1514764801,1,-3.098145,-30.217896,-87.451172
1514764801,1,-3.372803,-30.695801,-87.632446
1514764801,1,-3.499146,-30.877075,-87.720337
1514764801,1,-3.619995,-31.085815,-87.786255
1514764801,3,0.500488,-0.076660,0.431641
1514764801,1,-3.740845,-31.322021,-87.852173
1514764801,1,-3.955078,-31.821899,-87.989502
1514764801,1,-4.042969,-32.025146,-88.077393
1514764801,1,-4.130859,-32.184448,-88.154297
1514764801,1,-4.202271,-32.305298,-88.225708
1514764801,1,-4.257202,-32.404175,-88.500366
1514764801,3,0.413574,-0.093628,0.507324
1514764801,1,-4.312134,-32.283325,-88.654175
1514764801,1,-4.350586,-31.959229,-88.846436
1514764801,1,-4.323120,-31.514282,-89.082642
1514764801,1,-4.224243,-30.712280,-89.637451
1514764801,1,-4.152832,-30.366211,-89.928589
1514764801,1,-4.059448,-30.064087,-90.203247
1514764801,3,0.311768,-0.124023,0.831055
1514764801,1,-3.955078,-29.822388,-90.444946
1514764801,1,-3.713379,-29.481812,-90.895386
1514764801,1,-3.565063,-29.355469,-91.126099
1514764801,1,-3.411255,-29.267578,-91.367798
1514764801,1,-3.235474,-29.218140,-91.620483
1514764801,3,0.315552,-0.125610,1.003784
1514764801,1,-2.883911,-29.284058,-92.158813
1514764801,1,-2.708130,-29.415894,-92.427979
1514764801,1,-2.543335,-29.586182,-92.691650
1514764801,1,-2.378540,-29.772949,-92.938843
1514764801,1,-2.059937,-30.086060,-93.361816
1514764801,1,-1.895142,-30.190430,-93.548584
1514764801,3,0.335449,-0.121704,0.740967
1514764801,1,-1.713867,-30.261841,-93.735352
1514764801,1,-1.510620,-30.305786,-93.922119
1514764801,1,-1.049194,-30.349731,-94.273682
1514764801,1,-0.780029,-30.366211,-94.443970
1514764801,1,-0.505371,-30.388184,-94.608765
1514764801,1,-0.208740,-30.388184,-94.773560
1514764801,3,0.220703,-0.131714,0.672485
1514764801,1,0.433960,-30.272827,-95.103149
1514764801,1,0.780029,-30.146484,-95.256958
1514764801,1,1.142578,-29.987183,-95.405273
1514764801,1,1.521606,-29.805908,-95.564575
1514764801,1,2.301636,-29.459839,-95.861206
1514764801,1,2.697144,-29.306030,-96.009521
1514764801,3,0.368530,-0.054321,0.822144
1514764801,1,3.098145,-29.141235,-96.163330
1514764801,1,3.488159,-28.932495,-96.328125
1514764801,1,4.224243,-28.427124,-96.542358
1514764801,1,4.586792,-28.190918,-96.608276
1514764801,1,4.943848,-28.004150,-96.646729
1514764801,3,0.554688,0.147827,1.022339
1514764801,1,5.295410,-27.910767,-96.652222
1514764801,1,6.004028,-28.048096,-96.613770
1514764801,1,6.344604,-28.229370,-96.575317
1514764801,1,6.663208,-28.449097,-96.525879
1514764801,1,6.954346,-28.674316,-96.459961
1514764801,3,0.754272,0.323486,0.882202
1514764801,1,7.426758,-29.086304,-96.300659
1514764801,1,7.608032,-29.267578,-96.212769
1514764801,1,7.750854,-29.443359,-96.124878
1514764801,1,7.866211,-29.608154,-96.042480
1514764801,1,7.998047,-29.893799,-95.861206
1514764801,3,0.802734,0.391724,0.671631
1514764801,1,8.020020,-30.025635,-95.756836
1514764801,1,8.014526,-30.162964,-95.646973
1514764801,1,7.970581,-30.294800,-95.526123
1514764801,1,7.789307,-30.536499,-95.256958
1514764801,1,7.657471,-30.640869,-95.125122
1514764801,3,0.749023,0.386108,0.636475
1514764801,1,7.503662,-30.723267,-94.987793
1514764801,1,7.311401,-30.789185,-94.844971
1514764801,1,6.833496,-30.827637,-94.548340
1514764801,1,6.553345,-30.794678,-94.389038
1514764801,1,6.256714,-30.739746,-94.229736
1514764801,1,5.943604,-30.668335,-94.064941
1514764801,3,0.653564,0.281372,0.821777
1514764801,1,5.306396,-30.514526,-93.757324
1514764801,1,4.982300,-30.437622,-93.614502
1514764801,1,4.669189,-30.338745,-93.488159
1514764801,1,4.350586,-30.223389,-93.372803
1514764801,1,3.729858,-29.904785,-93.180542
1514764801,3,0.585571,0.187134,1.026733
1514764801,1,3.438721,-29.707031,-93.114624
1514764801,1,3.153076,-29.503784,-93.048706
1514764801,1,2.867432,-29.300537,-92.993774
1514764801,1,2.318115,-28.872070,-92.894897
1514764801,1,2.054443,-28.630371,-92.856445
1514764801,3,0.430298,-0.034058,1.046265
1514764801,1,1.807251,-28.383179,-92.828979
1514764802,1,1.576538,-28.135986,-92.807007
1514764802,1,1.175537,-27.647095,-92.790527
1514764802,1,1.010742,-27.394409,-92.801514
1514764802,1,0.873413,-27.141724,-92.823486
1514764802,3,0.272217,-0.142456,0.929443
1514764802,1,0.774536,-26.883545,-92.867432
1514764802,1,0.686646,-26.394653,-93.004761
1514764802,1,0.686646,-26.185913,-93.081665
1514764802,1,0.725098,-25.993652,-93.169556
1514764802,1,0.791016,-25.812378,-93.257446
1514764802,3,0.156860,-0.049316,0.872437
1514764802,1,1.005249,-25.466309,-93.460693
1514764802,1,1.159058,-25.279541,-93.581543
1514764802,1,1.334839,-25.103760,-93.713379
1514764802,1,1.516113,-24.922485,-93.845215
1514764802,1,1.878662,-24.581909,-94.070435
1514764802,1,2.059937,-24.417114,-94.169312
1514764802,3,0.127197,0.108398,0.882935
1514764802,1,2.257690,-24.252319,-94.273682
1514764802,1,2.460938,-24.082031,-94.383545
1514764802,1,2.889404,-23.730469,-94.630737
1514764802,1,3.114624,-23.560181,-94.751587
1514764802,1,3.334351,-23.389893,-94.861450
1514764802,3,0.136597,0.252686,0.903687
1514764802,1,3.548584,-23.214111,-94.965820
1514764802,1,3.971558,-22.873535,-95.147095
1514764802,1,4.174805,-22.703247,-95.234985
1514764802,1,4.372559,-22.532959,-95.317383
1514764802,1,4.564819,-22.362671,-95.399780
1514764802,3,0.125610,0.327271,0.843384
1514764802,1,4.932861,-22.049561,-95.548096
1514764802,1,5.097656,-21.912231,-95.614014
1514764802,1,5.256958,-21.780396,-95.674438
1514764802,1,5.399780,-21.659546,-95.729370
1514764802,1,5.663452,-21.450806,-95.822754
1514764802,3,0.119507,0.320068,0.773560
1514764802,1,5.778809,-21.351929,-95.861206
1514764802,1,5.894165,-21.264038,-95.894165
1514764802,1,5.998535,-21.181641,-95.927124
1514764802,1,6.196289,-21.027832,-95.993042
1514764802,1,6.289673,-20.961914,-96.020508
1514764802,3,0.150757,0.297607,0.758667
1514764802,1,6.377563,-20.906982,-96.047974
1514764802,1,6.465454,-20.863037,-96.075439
1514764802,1,6.619263,-20.780640,-96.113892
1514764802,1,6.685181,-20.747681,-96.124878
1514764802,1,6.751099,-20.720215,-96.141357
1514764802,3,0.229980,0.270630,0.786133
1514764802,1,6.811523,-20.709229,-96.152344
1514764802,1,6.937866,-20.692749,-96.163330
1514764802,1,6.992798,-20.698242,-96.168823
1514764802,1,7.053223,-20.714722,-96.168823
1514764802,1,7.113647,-20.742188,-96.174316
1514764802,1,7.245483,-20.835571,-96.190796
1514764802,3,0.329712,0.234741,0.865479
1514764802,1,7.311401,-20.895996,-96.196289
1514764802,1,7.382812,-20.967407,-96.201782
1514764802,1,7.454224,-21.060791,-96.207275
1514764802,1,7.608032,-21.280518,-96.212769
1514764802,1,7.684937,-21.412354,-96.223755
1514764802,3,0.406616,0.225464,0.935425
1514764802,1,7.761841,-21.544189,-96.229248
1514764802,1,7.838745,-21.676025,-96.240234
1514764802,1,7.998047,-21.939697,-96.251221
1514764802,1,8.074951,-22.055054,-96.256714
1514764802,1,8.146362,-22.181396,-96.267700
1514764802,3,0.479126,0.232910,0.975464
1514764802,1,8.223267,-22.318726,-96.278687
1514764802,1,8.360596,-22.642822,-96.295166
1514764802,1,8.421021,-22.818604,-96.295166
1514764802,1,8.481445,-22.999878,-96.295166
1514764802,1,8.541870,-23.175659,-96.289673
1514764802,3,0.533081,0.211914,0.953491
1514764802,1,8.651733,-23.527222,-96.278687
1514764802,1,8.712158,-23.703003,-96.278687
1514764802,1,8.772583,-23.895264,-96.273193
1514764802,1,8.833008,-24.104004,-96.278687
1514764802,1,8.953857,-24.515991,-96.273193
1514764802,3,0.523560,0.199341,0.914551
1514764802,1,9.003296,-24.702759,-96.267700
1514764802,1,9.052734,-24.884033,-96.251221
1514764802,1,9.102173,-25.059814,-96.240234
1514764802,1,9.190063,-25.345459,-96.212769
1514764802,1,9.234009,-25.455322,-96.196289
1514764802,3,0.550903,0.174805,0.900146
1514764802,1,9.272461,-25.543213,-96.179810
1514764802,1,9.316406,-25.620117,-96.174316
1514764802,1,9.415283,-25.746460,-96.152344
1514764802,1,9.464722,-25.801392,-96.141357
1514764802,1,9.519653,-25.856323,-96.130371
1514764802,3,0.510498,0.182983,0.876587
1514764802,1,9.574585,-25.911255,-96.119385
1514764802,1,9.706421,-26.021118,-96.113892
1514764802,1,9.777832,-26.076050,-96.113892
1514764802,1,9.854736,-26.141968,-96.108398
1514764802,1,9.926147,-26.213379,-96.108398
1514764802,1,10.085449,-26.356201,-96.108398
1514764802,3,0.486572,0.230469,0.815308
1514764802,1,10.167847,-26.422119,-96.113892
1514764802,1,10.250244,-26.488037,-96.119385
1514764802,1,10.332642,-26.553955,-96.124878
1514764802,1,10.497437,-26.658325,-96.141357
1514764802,1,10.574341,-26.696777,-96.152344
1514764802,3,0.478638,0.263184,0.800415
1514764802,1,10.645752,-26.713257,-96.168823
1514764802,1,10.717163,-26.724243,-96.179810
1514764802,1,10.843506,-26.718750,-96.212769
1514764802,1,10.903931,-26.713257,-96.229248
1514764802,1,10.953369,-26.707764,-96.251221
1514764802,1,10.997314,-26.702271,-96.267700
1514764802,3,0.443237,0.306885,0.812134
1514764802,1,11.068726,-26.718750,-96.311646
1514764802,1,11.096191,-26.735229,-96.328125
1514764802,1,11.112671,-26.751709,-96.339111
1514764802,1,11.112671,-26.779175,-96.355591
1514764802,1,11.096191,-26.845093,-96.372070
1514764802,1,11.079712,-26.883545,-96.383057
1514764802,3,0.454224,0.273560,0.835449
1514764802,1,11.063232,-26.921997,-96.394043
1514764802,1,11.035767,-26.960449,-96.399536
1514764802,1,10.975342,-27.026367,-96.410522
1514764802,1,10.953369,-27.059326,-96.427002
1514764802,1,10.925903,-27.108765,-96.443481
1514764802,1,10.903931,-27.163696,-96.459961
1514764802,3,0.415771,0.249512,0.881592
1514764802,1,10.865479,-27.279053,-96.514893
1514764802,1,10.848999,-27.333984,-96.542358
1514764802,1,10.827026,-27.388916,-96.564331
1514764802,1,10.805054,-27.438354,-96.591797
1514764802,1,10.761108,-27.515259,-96.635742
1514764802,1,10.733643,-27.553711,-96.657715
1514764802,3,0.424438,0.193970,0.879028
1514764802,1,10.711670,-27.586670,-96.679688
1514764802,1,10.689697,-27.619629,-96.701660
1514764802,1,10.640259,-27.669067,-96.745605
1514764802,1,10.623779,-27.685547,-96.767578
1514764802,1,10.607300,-27.696533,-96.784058
1514764802,3,0.427490,0.170044,0.878540
1514764802,1,10.596313,-27.696533,-96.806030
1514764802,1,10.585327,-27.691040,-96.849976
1514764802,1,10.585327,-27.685547,-96.871948
1514764802,1,10.585327,-27.674561,-96.893921
1514764802,1,10.585327,-27.669067,-96.921387
1514764802,1,10.596313,-27.652588,-96.959839
1514764802,3,0.408569,0.188110,0.891724
1514764802,1,10.601807,-27.647095,-96.976318
1514764802,1,10.612793,-27.641602,-96.992798
1514764802,1,10.629272,-27.630615,-97.009277
1514764802,1,10.673218,-27.614136,-97.042236
1514764802,1,10.700684,-27.603149,-97.058716
1514764802,1,10.733643,-27.586670,-97.075195
1514764802,3,0.390381,0.190796,0.862549
1514764802,1,10.766602,-27.575684,-97.097168
1514764802,1,10.854492,-27.559204,-97.141113
1514764802,1,10.898438,-27.559204,-97.163086
1514764802,1,10.942383,-27.559204,-97.185059
1514764802,1,10.980835,-27.559204,-97.207031
1514764802,1,11.052246,-27.559204,-97.250977
1514764802,3,0.395264,0.217651,0.808838
1514764802,1,11.079712,-27.559204,-97.267456
1514764802,1,11.101685,-27.559204,-97.289429
1514764802,1,11.129150,-27.559204,-97.311401
1514764802,1,11.167603,-27.548218,-97.344360
1514764802,1,11.184082,-27.542725,-97.360840
1514764802,3,0.400024,0.214722,0.818726
1514764802,1,11.206055,-27.542725,-97.382812
1514764802,1,11.222534,-27.548218,-97.399292
1514764802,1,11.244507,-27.575684,-97.426758
1514764802,1,11.255493,-27.592163,-97.443237
1514764802,1,11.266479,-27.608643,-97.454224
1514764802,1,11.266479,-27.625122,-97.459717
1514764802,3,0.437378,0.206787,0.855225
1514764802,1,11.260986,-27.658081,-97.470703
1514764802,3,0.447388,0.189209,0.867188
1514764802,1,11.250000,-27.696533,-97.476196
1514764802,1,11.244507,-27.713013,-97.476196
1514764802,1,11.239014,-27.762451,-97.476196
1514764802,3,0.463257,0.169922,0.868408
1514764802,1,11.239014,-27.784424,-97.476196
1514764802,1,11.239014,-27.811890,-97.476196
1514764802,1,11.250000,-27.844849,-97.476196
1514764802,1,11.271973,-27.910767,-97.481689
1514764802,1,11.288452,-27.949219,-97.481689
1514764802,1,11.310425,-27.987671,-97.487183
1514764802,3,0.483276,0.195312,0.870117
1514764802,1,11.337891,-28.020630,-97.492676
1514764802,1,11.392822,-28.097534,-97.503662
1514764802,1,11.420288,-28.130493,-97.509155
1514764802,1,11.447754,-28.168945,-97.514648
1514764802,1,11.480713,-28.207397,-97.520142
1514764802,1,11.541138,-28.289795,-97.531128
1514764802,3,0.496094,0.213623,0.859985
1514764802,1,11.574097,-28.333740,-97.531128
1514764802,1,11.607056,-28.372192,-97.542114
1514764802,1,11.640015,-28.416138,-97.547607
1514764802,1,11.705933,-28.487549,-97.564087
1514764802,1,11.733398,-28.515015,-97.575073
1514764802,1,11.766357,-28.542480,-97.586060
1514764802,3,0.490601,0.225830,0.831665
1514764802,1,11.799316,-28.564453,-97.597046
1514764802,1,11.854248,-28.597412,-97.624512
1514764802,1,11.876221,-28.619385,-97.635498
1514764802,1,11.898193,-28.635864,-97.646484
1514764802,1,11.925659,-28.663330,-97.668457
1514764802,3,0.470215,0.233154,0.817261
1514764802,1,11.964111,-28.707275,-97.701416
1514764802,1,11.986084,-28.729248,-97.717896
1514764802,1,12.002563,-28.756714,-97.728882
1514764802,1,12.019043,-28.778687,-97.750854
1514764802,1,12.041016,-28.811646,-97.783813
1514764802,1,12.052002,-28.822632,-97.794800
1514764802,3,0.462769,0.226685,0.806885
1514764802,1,12.057495,-28.833618,-97.811279
1514764802,1,12.062988,-28.844604,-97.827759
1514764802,1,12.068481,-28.872070,-97.855225
1514764802,1,12.073975,-28.894043,-97.871704
1514764802,1,12.073975,-28.927002,-97.888184
1514764802,1,12.068481,-28.959961,-97.899170
1514764802,3,0.473755,0.226074,0.831177
1514764802,1,12.052002,-29.009399,-97.921143
1514764802,1,12.041016,-29.031372,-97.937622
1514764802,1,12.030029,-29.053345,-97.948608
1514764802,1,12.019043,-29.075317,-97.959595
1514764802,1,11.991577,-29.113770,-97.987061
1514764802,1,11.975098,-29.135742,-97.998047
1514764802,3,0.474854,0.212646,0.847168
1514764802,1,11.953125,-29.163208,-98.009033
1514764802,1,11.936646,-29.185181,-98.020020
1514764802,1,11.903687,-29.240112,-98.031006
1514764802,1,11.887207,-29.267578,-98.036499
1514764802,1,11.876221,-29.289551,-98.041992
1514764802,1,11.865234,-29.311523,-98.047485
1514764802,3,0.464111,0.215576,0.831421
1514764802,1,11.843262,-29.338989,-98.052979
1514764802,1,11.832275,-29.355469,-98.058472
1514764803,1,11.821289,-29.366455,-98.058472
1514764803,1,11.810303,-29.377441,-98.069458
1514764803,1,11.782837,-29.404907,-98.080444
1514764803,3,0.449951,0.225830,0.825806
1514764803,1,11.766357,-29.421387,-98.085938
1514764803,1,11.749878,-29.432373,-98.091431
1514764803,1,11.727905,-29.443359,-98.091431
1514764803,1,11.672974,-29.454346,-98.091431
1514764803,1,11.640015,-29.459839,-98.085938
1514764803,1,11.601562,-29.465332,-98.085938
1514764803,3,0.451904,0.203613,0.852173
1514764803,1,11.568604,-29.465332,-98.085938
1514764803,1,11.491699,-29.481812,-98.085938
1514764803,1,11.458740,-29.498291,-98.085938
1514764803,1,11.425781,-29.520264,-98.091431
1514764803,1,11.392822,-29.547729,-98.096924
1514764803,1,11.332397,-29.613647,-98.102417
1514764803,3,0.491455,0.164673,0.851562
1514764803,1,11.310425,-29.646606,-98.107910
1514764803,1,11.282959,-29.690552,-98.107910
1514764803,1,11.260986,-29.729004,-98.113403
1514764803,1,11.222534,-29.811401,-98.113403
1514764803,1,11.211548,-29.838867,-98.118896
1514764803,1,11.211548,-29.871826,-98.124390
1514764803,3,0.504883,0.147217,0.839478
1514764803,1,11.211548,-29.899292,-98.135376
1514764803,1,11.239014,-29.959717,-98.157349
1514764803,1,11.255493,-29.998169,-98.173828
1514764803,1,11.277466,-30.036621,-98.184814
1514764803,1,11.299438,-30.075073,-98.195801
1514764803,1,11.348877,-30.140991,-98.228760
1514764803,3,0.510620,0.198486,0.827881
1514764803,1,11.370850,-30.173950,-98.245239
1514764803,1,11.387329,-30.201416,-98.261719
1514764803,1,11.403809,-30.223389,-98.278198
1514764803,1,11.425781,-30.267334,-98.311157
1514764803,1,11.425781,-30.289307,-98.327637
1514764803,3,0.504517,0.200195,0.832275
1514764803,1,11.425781,-30.316772,-98.338623
1514764803,1,11.420288,-30.344238,-98.349609
1514764803,1,11.409302,-30.399170,-98.366089
1514764803,1,11.398315,-30.426636,-98.377075
1514764803,1,11.387329,-30.454102,-98.382568
1514764803,1,11.376343,-30.476074,-98.388062
1514764803,3,0.512695,0.169800,0.827148
1514764803,1,11.354370,-30.531006,-98.393555
1514764803,1,11.337891,-30.552979,-98.388062
1514764803,1,11.326904,-30.574951,-98.388062
1514764803,1,11.321411,-30.596924,-98.382568
1514764803,1,11.321411,-30.624390,-98.377075
1514764803,1,11.326904,-30.629883,-98.371582
1514764803,3,0.505127,0.175293,0.828125
1514764803,1,11.332397,-30.635376,-98.371582
1514764803,1,11.343384,-30.640869,-98.371582
1514764803,1,11.370850,-30.651855,-98.371582
1514764803,1,11.381836,-30.657349,-98.371582
1514764803,1,11.398315,-30.662842,-98.377075
1514764803,3,0.503906,0.213867,0.833252
1514764803,1,11.420288,-30.695801,-98.377075
1514764803,3,0.509277,0.217041,0.833740
1514764803,1,11.425781,-30.706787,-98.371582
1514764803,1,11.425781,-30.717773,-98.371582
1514764803,1,11.425781,-30.728760,-98.371582
1514764803,1,11.414795,-30.750732,-98.360596
1514764803,3,0.517090,0.205078,0.836548
1514764803,1,11.403809,-30.761719,-98.355103
1514764803,1,11.392822,-30.767212,-98.355103
1514764803,1,11.376343,-30.783691,-98.349609
1514764803,1,11.348877,-30.811157,-98.338623
1514764803,1,11.337891,-30.822144,-98.333130
1514764803,1,11.326904,-30.833130,-98.327637
1514764803,3,0.523071,0.202637,0.839478
1514764803,1,11.315918,-30.838623,-98.327637
1514764803,1,11.282959,-30.844116,-98.322144
1514764803,1,11.271973,-30.844116,-98.322144
1514764803,1,11.255493,-30.844116,-98.316650
1514764803,1,11.244507,-30.838623,-98.311157
1514764803,3,0.509521,0.190186,0.821289
1514764803,1,11.222534,-30.833130,-98.311157
1514764803,1,11.206055,-30.822144,-98.311157
1514764803,1,11.195068,-30.805664,-98.316650
1514764803,1,11.178589,-30.789185,-98.316650
1514764803,1,11.129150,-30.761719,-98.316650
1514764803,1,11.101685,-30.756226,-98.316650
1514764803,3,0.485229,0.197632,0.830444
1514764803,1,11.068726,-30.761719,-98.316650
1514764803,1,11.041260,-30.767212,-98.316650
1514764803,1,10.969849,-30.783691,-98.300171
1514764803,1,10.931396,-30.789185,-98.289185
1514764803,1,10.898438,-30.783691,-98.272705
1514764803,1,10.865479,-30.778198,-98.261719
1514764803,3,0.488892,0.167847,0.843628
1514764803,1,10.816040,-30.767212,-98.228760
1514764803,1,10.794067,-30.761719,-98.217773
1514764803,1,10.777588,-30.756226,-98.201294
1514764803,1,10.761108,-30.756226,-98.184814
1514764803,1,10.728149,-30.750732,-98.151855
1514764803,1,10.706177,-30.739746,-98.129883
1514764803,3,0.440918,0.237061,0.816040
1514764803,1,10.678711,-30.728760,-98.113403
1514764803,1,10.651245,-30.717773,-98.091431
1514764803,1,10.568848,-30.695801,-98.058472
1514764803,1,10.513916,-30.684814,-98.036499
1514764803,1,10.453491,-30.673828,-98.020020
1514764803,3,0.453125,0.221802,0.843750
1514764803,1,10.393066,-30.668335,-98.003540
1514764803,1,10.233765,-30.657349,-97.948608
1514764803,1,10.151367,-30.662842,-97.910156
1514764803,1,10.063477,-30.668335,-97.877197
1514764803,1,9.981079,-30.673828,-97.833252
1514764803,1,9.832764,-30.684814,-97.756348
1514764803,3,0.518311,0.146606,0.928467
1514764803,1,9.766846,-30.690308,-97.706909
1514764803,1,9.706421,-30.690308,-97.662964
1514764803,1,9.645996,-30.684814,-97.613525
1514764803,1,9.552612,-30.651855,-97.503662
1514764803,1,9.508667,-30.624390,-97.448730
1514764803,3,0.484131,0.207642,0.889648
1514764803,1,9.470215,-30.591431,-97.393799
1514764803,1,9.431763,-30.547485,-97.333374
1514764803,1,9.343872,-30.448608,-97.218018
1514764803,1,9.305420,-30.399170,-97.157593
1514764803,1,9.255981,-30.344238,-97.097168
1514764803,3,0.449951,0.256958,0.864380
1514764803,1,9.201050,-30.294800,-97.036743
1514764803,1,9.063721,-30.223389,-96.910400
1514764803,1,8.986816,-30.190430,-96.838989
1514764803,1,8.898926,-30.162964,-96.767578
1514764803,1,8.811035,-30.135498,-96.696167
1514764803,3,0.491089,0.215332,0.893921
1514764803,1,8.618774,-30.069580,-96.547852
1514764803,1,8.519897,-30.036621,-96.470947
1514764803,1,8.421021,-29.992676,-96.399536
1514764803,1,8.316650,-29.948730,-96.328125
1514764803,1,8.096924,-29.844360,-96.174316
1514764803,3,0.442627,0.261230,0.867798
1514764803,1,7.976074,-29.789429,-96.091919
1514764803,1,7.844238,-29.729004,-96.004028
1514764803,1,7.706909,-29.668579,-95.916138
1514764803,1,7.399292,-29.547729,-95.712891
1514764803,1,7.234497,-29.487305,-95.603027
1514764803,1,7.064209,-29.426880,-95.487671
1514764803,3,0.393311,0.223633,0.856689
1514764803,1,6.882935,-29.366455,-95.366821
1514764803,1,6.503906,-29.251099,-95.114136
1514764803,1,6.306152,-29.201660,-94.982300
1514764803,1,6.108398,-29.152222,-94.850464
1514764803,1,5.905151,-29.108276,-94.718628
1514764803,3,0.380005,0.172363,0.900269
1514764803,1,5.493164,-29.025879,-94.438477
1514764803,1,5.278931,-28.987427,-94.290161
1514764803,1,5.064697,-28.954468,-94.141846
1514764803,1,4.844971,-28.927002,-93.982544
1514764803,1,4.405518,-28.872070,-93.652954
1514764803,3,0.343140,0.141968,0.949219
1514764803,1,4.180298,-28.850098,-93.482666
1514764803,1,3.955078,-28.833618,-93.301392
1514764803,1,3.729858,-28.817139,-93.114624
1514764803,1,3.273926,-28.789673,-92.724609
1514764803,1,3.048706,-28.778687,-92.521362
1514764803,3,0.334717,0.106201,0.942505
1514764803,1,2.817993,-28.778687,-92.312622
1514764803,1,2.598267,-28.784180,-92.098389
1514764803,1,2.158813,-28.817139,-91.669922
1514764803,1,1.939087,-28.844604,-91.450195
1514764803,1,1.724854,-28.883057,-91.235962
1514764803,3,0.372803,0.109741,0.906860
1514764803,1,1.505127,-28.921509,-91.016235
1514764803,1,1.065674,-29.014893,-90.565796
1514764803,1,0.840454,-29.064331,-90.335083
1514764803,1,0.609741,-29.113770,-90.093384
1514764803,1,0.373535,-29.163208,-89.851685
1514764803,3,0.427734,0.060547,0.918091
1514764803,1,-0.109863,-29.223633,-89.346313
1514764803,1,-0.351562,-29.245605,-89.088135
1514764803,1,-0.593262,-29.256592,-88.835449
1514764803,1,-0.829468,-29.267578,-88.582764
1514764803,1,-1.296387,-29.295044,-88.066406
1514764803,1,-1.521606,-29.311523,-87.808228
1514764803,3,0.471313,-0.072876,0.988892
1514764803,1,-1.741333,-29.328003,-87.544556
1514764803,1,-1.961060,-29.344482,-87.280884
1514764803,1,-2.384033,-29.388428,-86.764526
1514764803,1,-2.581787,-29.399414,-86.506348
1514764803,1,-2.779541,-29.410400,-86.248169
1514764803,1,-2.966309,-29.410400,-86.000977
1514764803,3,0.543823,-0.091675,0.957275
1514764803,1,-3.328857,-29.377441,-85.517578
1514764803,1,-3.504639,-29.349976,-85.286865
1514764803,1,-3.680420,-29.311523,-85.056152
1514764803,1,-3.850708,-29.262085,-84.830933
1514764803,1,-4.180298,-29.146729,-84.413452
1514764803,1,-4.345093,-29.080811,-84.215698
1514764803,3,0.553467,-0.078125,0.897095
1514764803,1,-4.509888,-29.009399,-84.028931
1514764803,1,-4.680176,-28.932495,-83.847656
1514764803,1,-5.031738,-28.762207,-83.501587
1514764803,1,-5.218506,-28.668823,-83.336792
1514764803,1,-5.405273,-28.575439,-83.177490
1514764803,1,-5.597534,-28.476562,-83.023682
1514764803,3,0.576294,-0.118774,0.843384
1514764803,1,-6.009521,-28.273315,-82.727051
1514764803,1,-6.229248,-28.168945,-82.584229
1514764803,1,-6.454468,-28.070068,-82.446899
1514764803,1,-6.674194,-27.965698,-82.315063
1514764803,1,-7.119141,-27.740479,-82.067871
1514764803,1,-7.338867,-27.630615,-81.947021
1514764803,3,0.653564,-0.179321,0.907593
1514764803,1,-7.564087,-27.515259,-81.831665
1514764803,1,-7.783813,-27.405396,-81.716309
1514764803,1,-8.223267,-27.169189,-81.496582
1514764803,1,-8.448486,-27.048340,-81.392212
1514764803,1,-8.668213,-26.921997,-81.293335
1514764803,1,-8.893433,-26.784668,-81.194458
1514764803,3,0.671143,-0.158081,0.873901
1514764803,1,-9.349365,-26.504517,-81.024170
1514764803,1,-9.574585,-26.361694,-80.941772
1514764803,3,0.648560,-0.141357,0.851074
1514764803,1,-10.025024,-26.076050,-80.787964
1514764803,1,-10.480957,-25.790405,-80.645142
1514764803,1,-10.711670,-25.642090,-80.573730
1514764803,3,0.621460,-0.142090,0.858276
1514764803,1,-10.942383,-25.499268,-80.502319
1514764803,1,-11.173096,-25.345459,-80.430908
1514764803,1,-11.640015,-25.032349,-80.293579
1514764803,1,-11.876221,-24.873047,-80.227661
1514764803,1,-12.112427,-24.713745,-80.161743
1514764803,1,-12.348633,-24.548950,-80.095825
1514764803,1,-12.821045,-24.219360,-79.969482
1514764803,3,0.530151,-0.152100,0.859985
1514764803,1,-13.057251,-24.054565,-79.903564
1514764803,1,-13.287964,-23.884277,-79.848633
1514764803,1,-13.524170,-23.708496,-79.793701
1514764803,1,-13.985596,-23.345947,-79.705811
1514764804,1,-14.216309,-23.159180,-79.667358
1514764804,1,-14.447021,-22.977905,-79.639893
1514764804,1,-14.677734,-22.791138,-79.612427
1514764804,3,0.443726,-0.128662,0.784302
1514764804,1,-15.155640,-22.423096,-79.573975
1514764804,1,-15.397339,-22.236328,-79.557495
1514764804,1,-15.644531,-22.049561,-79.546509
1514764804,1,-15.891724,-21.862793,-79.541016
1514764804,1,-16.397095,-21.505737,-79.524536
1514764804,1,-16.660767,-21.329956,-79.519043
1514764804,1,-16.918945,-21.154175,-79.519043
1514764804,3,0.352295,-0.159302,0.736694
1514764804,1,-17.182617,-20.978394,-79.519043
1514764804,1,-17.715454,-20.637817,-79.508057
1514764804,1,-17.979126,-20.467529,-79.502563
1514764804,1,-18.242798,-20.308228,-79.497070
1514764804,1,-18.506470,-20.148926,-79.491577
1514764804,1,-19.033813,-19.824829,-79.486084
1514764804,1,-19.291992,-19.665527,-79.491577
1514764804,3,0.327393,-0.263794,0.739868
1514764804,1,-19.539185,-19.500732,-79.508057
1514764804,1,-19.791870,-19.341431,-79.530029
1514764804,1,-20.286255,-19.011841,-79.590454
1514764804,1,-20.527954,-18.847046,-79.628906
1514764804,1,-20.775146,-18.687744,-79.672852
1514764804,1,-21.022339,-18.533936,-79.722290
1514764804,3,0.329468,-0.302124,0.712158
1514764804,1,-21.527710,-18.220825,-79.826660
1514764804,1,-21.785889,-18.067017,-79.876099
1514764804,1,-22.044067,-17.913208,-79.931030
1514764804,1,-22.307739,-17.764893,-79.985962
1514764804,1,-22.840576,-17.473755,-80.095825
1514764804,1,-23.109741,-17.330933,-80.145264
1514764804,1,-23.373413,-17.188110,-80.200195
1514764804,3,0.272217,-0.356201,0.709717
1514764804,1,-23.631592,-17.050781,-80.249634
1514764804,1,-24.142456,-16.787109,-80.343018
1514764804,1,-24.395142,-16.666260,-80.386963
1514764804,1,-24.636841,-16.550903,-80.430908
1514764804,1,-24.878540,-16.441040,-80.469360
1514764804,1,-25.345459,-16.237793,-80.557251
1514764804,1,-25.565186,-16.133423,-80.606689
1514764804,3,0.297241,-0.403564,0.755737
1514764804,1,-25.784912,-16.029053,-80.667114
1514764804,1,-25.993652,-15.919189,-80.733032
1514764804,1,-26.416626,-15.693970,-80.892334
1514764804,1,-26.630859,-15.578613,-80.980225
1514764804,1,-26.845093,-15.463257,-81.079102
1514764804,1,-27.059326,-15.347900,-81.177979
1514764804,1,-27.487793,-15.106201,-81.397705
1514764804,3,0.287720,-0.456787,0.715576
1514764804,1,-27.707520,-14.985352,-81.507568
1514764804,1,-27.921753,-14.864502,-81.622925
1514764804,1,-28.141479,-14.749146,-81.732788
1514764804,1,-28.580933,-14.518433,-81.941528
1514764804,1,-28.795166,-14.414062,-82.040405
1514764804,1,-29.009399,-14.315186,-82.128296
1514764804,1,-29.223633,-14.216309,-82.210693
1514764804,3,0.246582,-0.479614,0.791992
1514764804,1,-29.635620,-14.051514,-82.359009
1514764804,1,-29.833374,-13.974609,-82.424927
1514764804,1,-30.031128,-13.903198,-82.485352
1514764804,1,-30.228882,-13.831787,-82.545776
1514764804,1,-30.613403,-13.683472,-82.672119
1514764804,1,-30.816650,-13.601074,-82.738037
1514764804,1,-31.019897,-13.518677,-82.814941
1514764804,3,0.260986,-0.481567,0.787598
1514764804,1,-31.234131,-13.430786,-82.891846
1514764804,1,-31.690063,-13.238525,-83.056641
1514764804,1,-31.926270,-13.139648,-83.139038
1514764804,1,-32.173462,-13.035278,-83.226929
1514764804,1,-32.426147,-12.936401,-83.314819
1514764804,1,-32.942505,-12.727661,-83.479614
1514764804,3,0.254883,-0.610596,0.720581
1514764804,1,-33.200684,-12.628784,-83.562012
1514764804,1,-33.447876,-12.529907,-83.644409
1514764804,1,-33.684082,-12.431030,-83.721313
1514764804,1,-34.129028,-12.233276,-83.869629
1514764804,1,-34.337769,-12.139893,-83.935547
1514764804,1,-34.535522,-12.046509,-83.995972
1514764804,1,-34.722290,-11.958618,-84.050903
1514764804,3,0.185547,-0.559692,0.798096
1514764804,1,-35.090332,-11.793823,-84.138794
1514764804,1,-35.266113,-11.716919,-84.171753
1514764804,1,-35.447388,-11.645508,-84.204712
1514764804,1,-35.623169,-11.568604,-84.237671
1514764804,1,-35.996704,-11.398315,-84.325562
1514764804,1,-36.188965,-11.304932,-84.385986
1514764804,1,-36.386719,-11.206055,-84.451904
1514764804,3,0.200562,-0.574829,0.744873
1514764804,1,-36.600952,-11.096191,-84.523315
1514764804,1,-37.045898,-10.881958,-84.660645
1514764804,1,-37.276611,-10.772095,-84.732056
1514764804,1,-37.512817,-10.662231,-84.797974
1514764804,1,-37.749023,-10.552368,-84.869385
1514764804,1,-38.204956,-10.338135,-85.006714
1514764804,1,-38.424683,-10.233765,-85.078125
1514764804,3,0.138306,-0.673706,0.699219
1514764804,1,-38.638916,-10.129395,-85.149536
1514764804,1,-38.842163,-10.030518,-85.209961
1514764804,1,-39.226685,-9.843750,-85.325317
1514764804,1,-39.407959,-9.755859,-85.374756
1514764804,1,-39.578247,-9.673462,-85.407715
1514764804,1,-39.748535,-9.596558,-85.440674
1514764804,3,0.094360,-0.623657,0.733643
1514764804,1,-40.072632,-9.448242,-85.484619
1514764804,1,-40.226440,-9.371338,-85.506592
1514764804,1,-40.380249,-9.294434,-85.534058
1514764804,1,-40.528564,-9.212036,-85.567017
1514764804,1,-40.847168,-9.019775,-85.654907
1514764804,1,-41.017456,-8.915405,-85.709839
1514764804,3,0.062500,-0.639648,0.689087
1514764804,1,-41.193237,-8.805542,-85.764771
1514764804,1,-41.380005,-8.701172,-85.819702
1514764804,1,-41.775513,-8.481445,-85.924072
1514764804,1,-41.978760,-8.371582,-85.973511
1514764804,1,-42.187500,-8.261719,-86.022949
1514764804,1,-42.396240,-8.151855,-86.066895
1514764804,3,0.063965,-0.769775,0.640625
1514764804,1,-42.797241,-7.937622,-86.143799
1514764804,1,-42.989502,-7.833252,-86.176758
1514764804,1,-43.170776,-7.728882,-86.204224
1514764804,1,-43.335571,-7.619019,-86.231689
1514764804,1,-43.637695,-7.415771,-86.259155
1514764804,1,-43.769531,-7.316895,-86.270142
1514764804,3,0.051880,-0.709717,0.708008
1514764804,1,-43.895874,-7.212524,-86.281128
1514764804,1,-44.016724,-7.108154,-86.286621
1514764804,1,-44.263916,-6.893921,-86.292114
1514764804,1,-44.390259,-6.778564,-86.303101
1514764804,1,-44.527588,-6.652222,-86.314087
1514764804,1,-44.681396,-6.525879,-86.325073
1514764804,3,0.057495,-0.629395,0.702637
1514764804,1,-45.021973,-6.256714,-86.369019
1514764804,1,-45.214233,-6.113892,-86.396484
1514764804,1,-45.422974,-5.960083,-86.423950
1514764804,1,-45.648193,-5.811768,-86.456909
1514764804,1,-46.131592,-5.504150,-86.522827
1514764804,1,-46.384277,-5.350342,-86.561279
1514764804,3,0.045898,-0.750000,0.597900
1514764804,1,-46.642456,-5.196533,-86.594238
1514764804,1,-46.906128,-5.042725,-86.627197
1514764804,1,-47.416992,-4.746094,-86.676636
1514764804,1,-47.669678,-4.597778,-86.698608
1514764804,1,-47.905884,-4.454956,-86.715088
1514764804,1,-48.136597,-4.306641,-86.726074
1514764804,3,0.056152,-0.794678,0.642578
1514764804,1,-48.554077,-4.010010,-86.737061
1514764804,1,-48.751831,-3.856201,-86.737061
1514764804,1,-48.944092,-3.702393,-86.742554
1514764804,1,-49.136353,-3.548584,-86.742554
1514764804,1,-49.515381,-3.229980,-86.759033
1514764804,1,-49.707642,-3.065186,-86.764526
1514764804,3,0.050293,-0.707275,0.671143
1514764804,1,-49.905396,-2.905884,-86.775513
1514764804,1,-50.114136,-2.741089,-86.791992
1514764804,1,-50.553589,-2.411499,-86.841431
1514764804,1,-50.789795,-2.246704,-86.868896
1514764804,1,-51.031494,-2.081909,-86.901855
1514764804,1,-51.278687,-1.917114,-86.934814
1514764804,3,0.033691,-0.772827,0.598022
1514764804,1,-51.784058,-1.604004,-87.000732
1514764804,1,-52.036743,-1.450195,-87.033691
1514764804,1,-52.289429,-1.307373,-87.072144
1514764804,1,-52.536621,-1.159058,-87.110596
1514764804,1,-53.014526,-0.878906,-87.165527
1514764804,1,-53.234253,-0.741577,-87.182007
1514764804,1,-53.442993,-0.609741,-87.198486
1514764804,3,0.038940,-0.834229,0.579224
1514764804,1,-53.640747,-0.477905,-87.209473
1514764804,1,-54.008789,-0.214233,-87.236938
1514764804,1,-54.179077,-0.076904,-87.258911
1514764804,1,-54.343872,0.065918,-87.280884
1514764804,1,-54.508667,0.203247,-87.308350
1514764804,3,0.020020,-0.791992,0.602661
1514764804,1,-54.827271,0.488892,-87.374268
1514764804,1,-54.992065,0.631714,-87.407227
1514764804,1,-55.162354,0.774536,-87.440186
1514764804,1,-55.338135,0.917358,-87.484131
1514764804,1,-55.711670,1.208496,-87.566528
1514764804,1,-55.903931,1.351318,-87.610474
1514764804,3,0.004272,-0.791504,0.554443
1514764804,1,-56.107178,1.488647,-87.654419
1514764804,1,-56.315918,1.631470,-87.703857
1514764804,1,-56.755371,1.917114,-87.813721
1514764804,1,-56.986084,2.059937,-87.874146
1514764804,1,-57.216797,2.208252,-87.934570
1514764804,3,-0.007324,-0.835938,0.506958
1514764804,1,-57.453003,2.351074,-87.989502
1514764804,1,-57.914429,2.647705,-88.104858
1514764804,1,-58.139648,2.796021,-88.159790
1514764804,1,-58.359375,2.944336,-88.220215
1514764804,1,-58.573608,3.092651,-88.269653
1514764804,3,-0.033447,-0.805542,0.492554
1514764804,1,-58.991089,3.389282,-88.363037
1514764804,1,-59.194336,3.537598,-88.412476
1514764804,1,-59.397583,3.685913,-88.461914
1514764804,1,-59.600830,3.834229,-88.522339
1514764804,1,-60.012817,4.141846,-88.648682
1514764804,1,-60.221558,4.301147,-88.725586
1514764804,3,-0.044189,-0.734009,0.488281
1514764804,1,-60.435791,4.460449,-88.802490
1514764804,1,-60.650024,4.619751,-88.884888
1514764804,1,-61.105957,4.943848,-89.066162
1514764804,1,-61.342163,5.108643,-89.165039
1514764804,1,-61.583862,5.273438,-89.269409
1514764804,3,-0.071655,-0.755249,0.440796
1514764804,1,-61.831055,5.443726,-89.373779
1514764804,1,-62.325439,5.778809,-89.598999
1514764804,1,-62.567139,5.943604,-89.708862
1514764804,1,-62.808838,6.108398,-89.829712
1514764804,1,-63.045044,6.273193,-89.945068
1514764804,3,-0.102905,-0.791748,0.385864
1514764804,1,-63.517456,6.591797,-90.175781
1514764804,1,-63.742676,6.751099,-90.291138
1514764804,1,-63.962402,6.904907,-90.406494
1514764804,1,-64.176636,7.058716,-90.516357
1514764804,1,-64.599609,7.366333,-90.758057
1514764804,1,-64.813843,7.520142,-90.889893
1514764804,3,-0.141846,-0.778198,0.380249
1514764804,1,-65.022583,7.668457,-91.032715
1514764804,1,-65.242310,7.816772,-91.175537
1514764804,1,-65.676270,8.113403,-91.483154
1514764804,1,-65.895996,8.261719,-91.642456
1514764804,1,-66.121216,8.404541,-91.807251
1514764804,3,-0.174927,-0.789795,0.349365
1514764804,1,-66.346436,8.541870,-91.961060
1514764804,1,-66.791382,8.800049,-92.279663
1514764804,1,-67.011108,8.926392,-92.444458
1514764804,1,-67.230835,9.041748,-92.609253
1514764804,1,-67.450562,9.157104,-92.779541
1514764804,1,-67.884521,9.376831,-93.125610
